   5.4177127e+08       -676299.22        16946.173        3381.6652      -0.28388665       -13.614991       -2.1323930
   5.4177127e+08       -676299.22        16946.173        3381.6652      -0.28388664       -13.614991       -2.1323930
   5.4177127e+08       -676299.22        16946.173        3381.6652      -0.28388663       -13.614991       -2.1323930
   5.4177127e+08       -676299.22        16946.173        3381.6652      -0.28388660       -13.614991       -2.1323930
   5.4177127e+08       -676299.22        16946.173        3381.6652      -0.28388657       -13.614991       -2.1323930
   5.4177127e+08       -676299.22        16946.173        3381.6652      -0.28388653       -13.614991       -2.1323930
   5.4177127e+08       -676299.22        16946.173        3381.6652      -0.28388648       -13.614991       -2.1323930
   5.4177127e+08       -676299.22        16946.173        3381.6652      -0.28388642       -13.614991       -2.1323930
   5.4177127e+08       -676299.22        16946.173        3381.6652      -0.28388637       -13.614991       -2.1323930
   5.4177127e+08       -676299.22        16946.173        3381.6652      -0.28388631       -13.614991       -2.1323930
   5.4177127e+08       -676299.22        16946.173        3381.6652      -0.28388625       -13.614991       -2.1323930
   5.4177127e+08       -676299.22        16946.173        3381.6652      -0.28388620       -13.614991       -2.1323930
   5.4177127e+08       -676299.22        16946.173        3381.6652      -0.28388614       -13.614991       -2.1323930
   5.4177127e+08       -676299.22        16946.173        3381.6652      -0.28388610       -13.614991       -2.1323930
   5.4177127e+08       -676299.22        16946.173        3381.6652      -0.28388606       -13.614991       -2.1323930
   5.4177127e+08       -676299.22        16946.173        3381.6652      -0.28388602       -13.614991       -2.1323930
   5.4177127e+08       -676299.22        16946.173        3381.6652      -0.28388600       -13.614991       -2.1323930
   5.4177127e+08       -676299.22        16946.173        3381.6652      -0.28388599       -13.614991       -2.1323930
   5.4177127e+08       -676299.22        16946.173        3381.6652      -0.28388598       -13.614991       -2.1323930
   5.4177127e+08       -676299.22        16946.173        3381.6652      -0.28388599       -13.614991       -2.1323930
   5.4177127e+08       -676299.22        16946.173        3381.6652      -0.28388600       -13.614991       -2.1323930
   5.4177127e+08       -676299.22        16946.173        3381.6652      -0.28388603       -13.614991       -2.1323930
   5.4177127e+08       -676299.22        16946.173        3381.6652      -0.28388606       -13.614991       -2.1323930
   5.4177127e+08       -676299.22        16946.173        3381.6652      -0.28388610       -13.614991       -2.1323930
   5.4177127e+08       -676299.22        16946.173        3381.6652      -0.28388615       -13.614991       -2.1323930
   5.4177127e+08       -676299.22        16946.173        3381.6652      -0.28388620       -13.614991       -2.1323930
   5.4177127e+08       -676299.22        16946.173        3381.6652      -0.28388626       -13.614991       -2.1323930
   5.4177127e+08       -676299.22        16946.173        3381.6652      -0.28388632       -13.614991       -2.1323930
   5.4177127e+08       -676299.22        16946.173        3381.6652      -0.28388638       -13.614991       -2.1323930
   5.4177127e+08       -676299.22        16946.173        3381.6652      -0.28388643       -13.614991       -2.1323930
   5.4177127e+08       -676299.22        16946.173        3381.6652      -0.28388648       -13.614991       -2.1323930
   5.4177127e+08       -676299.22        16946.173        3381.6652      -0.28388653       -13.614991       -2.1323930
   5.4177127e+08       -676299.22        16946.173        3381.6652      -0.28388657       -13.614991       -2.1323930
   5.4177127e+08       -676299.22        16946.173        3381.6652      -0.28388660       -13.614991       -2.1323930
   5.4177127e+08       -676299.22        16946.173        3381.6652      -0.28388663       -13.614991       -2.1323930
   5.4177127e+08       -676299.22        16946.173        3381.6652      -0.28388664       -13.614991       -2.1323930
   5.4177127e+08       -676299.22        16946.173        3381.6652      0.071153763       -13.610960       -2.1030218
   5.4177127e+08       -676299.22        16946.173        3381.6652      0.065028333       -13.549399       -2.1025839
   5.4177127e+08       -676299.22        16946.173        3381.6652      0.048305843       -13.489837       -2.1021084
   5.4177127e+08       -676299.22        16946.173        3381.6652      0.021494399       -13.434084       -2.1016095
   5.4177127e+08       -676299.22        16946.173        3381.6652     -0.014591348       -13.383834       -2.1011026
   5.4177127e+08       -676299.22        16946.173        3381.6652     -0.058854934       -13.340614       -2.1006029
   5.4177127e+08       -676299.22        16946.173        3381.6652      -0.10995148       -13.305737       -2.1001257
   5.4177127e+08       -676299.22        16946.173        3381.6652      -0.16632837       -13.280263       -2.0996855
   5.4177127e+08       -676299.22        16946.173        3381.6652      -0.22627271       -13.264966       -2.0992957
   5.4177127e+08       -676299.22        16946.173        3381.6652      -0.28796302       -13.260310       -2.0989680
   5.4177127e+08       -676299.22        16946.173        3381.6652      -0.34952493       -13.266437       -2.0987125
   5.4177127e+08       -676299.22        16946.173        3381.6652      -0.40908795       -13.283162       -2.0985369
   5.4177127e+08       -676299.22        16946.173        3381.6652      -0.46484223       -13.309975       -2.0984466
   5.4177127e+08       -676299.22        16946.173        3381.6652      -0.51509368       -13.346062       -2.0984443
   5.4177127e+08       -676299.22        16946.173        3381.6652      -0.55831548       -13.390326       -2.0985300
   5.4177127e+08       -676299.22        16946.173        3381.6652      -0.59319435       -13.441423       -2.0987012
   5.4177127e+08       -676299.22        16946.173        3381.6652      -0.61867055       -13.497800       -2.0989526
   5.4177127e+08       -676299.22        16946.173        3381.6652      -0.63396992       -13.557745       -2.0992767
   5.4177127e+08       -676299.22        16946.173        3381.6652      -0.63862765       -13.619434       -2.0996635
   5.4177127e+08       -676299.22        16946.173        3381.6652      -0.63250220       -13.680995       -2.1001013
   5.4177127e+08       -676299.22        16946.173        3381.6652      -0.61577970       -13.740557       -2.1005769
   5.4177127e+08       -676299.22        16946.173        3381.6652      -0.58896821       -13.796310       -2.1010758
   5.4177127e+08       -676299.22        16946.173        3381.6652      -0.55288246       -13.846560       -2.1015827
   5.4177127e+08       -676299.22        16946.173        3381.6652      -0.50861879       -13.889780       -2.1020824
   5.4177127e+08       -676299.22        16946.173        3381.6652      -0.45752227       -13.924657       -2.1025595
   5.4177127e+08       -676299.22        16946.173        3381.6652      -0.40114536       -13.950131       -2.1029997
   5.4177127e+08       -676299.22        16946.173        3381.6652      -0.34120106       -13.965428       -2.1033896
   5.4177127e+08       -676299.22        16946.173        3381.6652      -0.27951074       -13.970084       -2.1037172
   5.4177127e+08       -676299.22        16946.173        3381.6652      -0.21794884       -13.963956       -2.1039727
   5.4177127e+08       -676299.22        16946.173        3381.6652      -0.15838587       -13.947232       -2.1041483
   5.4177127e+08       -676299.22        16946.173        3381.6652      -0.10263163       -13.920419       -2.1042387
   5.4177127e+08       -676299.22        16946.173        3381.6652     -0.052380177       -13.884332       -2.1042410
   5.4177127e+08       -676299.22        16946.173        3381.6652    -0.0091582754       -13.840068       -2.1041553
   5.4177127e+08       -676299.22        16946.173        3381.6652      0.025720568       -13.788971       -2.1039841
   5.4177127e+08       -676299.22        16946.173        3381.6652      0.051196705       -13.732593       -2.1037327
   5.4177127e+08       -676299.22        16946.173        3381.6652      0.066496057       -13.672649       -2.1034086
   5.4177127e+08       -676299.22        16946.173        3381.6652       0.41570544       -13.607463       -2.0124420
   5.4177127e+08       -676299.22        16946.173        3381.6652       0.40364069       -13.486211       -2.0115796
   5.4177127e+08       -676299.22        16946.173        3381.6652       0.37070379       -13.368897       -2.0106429
   5.4177127e+08       -676299.22        16946.173        3381.6652       0.31789551       -13.259085       -2.0096604
   5.4177127e+08       -676299.22        16946.173        3381.6652       0.24682040       -13.160112       -2.0086619
   5.4177127e+08       -676299.22        16946.173        3381.6652       0.15963809       -13.074986       -2.0076777
   5.4177127e+08       -676299.22        16946.173        3381.6652      0.058997457       -13.006291       -2.0067379
   5.4177127e+08       -676299.22        16946.173        3381.6652     -0.052043438       -12.956117       -2.0058709
   5.4177127e+08       -676299.22        16946.173        3381.6652      -0.17011082       -12.925987       -2.0051030
   5.4177127e+08       -676299.22        16946.173        3381.6652      -0.29161712       -12.916817       -2.0044577
   5.4177127e+08       -676299.22        16946.173        3381.6652      -0.41287051       -12.928886       -2.0039544
   5.4177127e+08       -676299.22        16946.173        3381.6652      -0.53018684       -12.961826       -2.0036086
   5.4177127e+08       -676299.22        16946.173        3381.6652      -0.64000143       -13.014638       -2.0034306
   5.4177127e+08       -676299.22        16946.173        3381.6652      -0.73897755       -13.085715       -2.0034260
   5.4177127e+08       -676299.22        16946.173        3381.6652      -0.82410795       -13.172899       -2.0035948
   5.4177127e+08       -676299.22        16946.173        3381.6652      -0.89280597       -13.273541       -2.0039320
   5.4177127e+08       -676299.22        16946.173        3381.6652      -0.94298432       -13.384582       -2.0044272
   5.4177127e+08       -676299.22        16946.173        3381.6652      -0.97311823       -13.502649       -2.0050655
   5.4177127e+08       -676299.22        16946.173        3381.6652      -0.98229216       -13.624155       -2.0058274
   5.4177127e+08       -676299.22        16946.173        3381.6652      -0.97022738       -13.745406       -2.0066898
   5.4177127e+08       -676299.22        16946.173        3381.6652      -0.93729046       -13.862720       -2.0076265
   5.4177127e+08       -676299.22        16946.173        3381.6652      -0.88448209       -13.972532       -2.0086090
   5.4177127e+08       -676299.22        16946.173        3381.6652      -0.81340698       -14.071505       -2.0096075
   5.4177127e+08       -676299.22        16946.173        3381.6652      -0.72622451       -14.156632       -2.0105917
   5.4177127e+08       -676299.22        16946.173        3381.6652      -0.62558391       -14.225326       -2.0115315
   5.4177127e+08       -676299.22        16946.173        3381.6652      -0.51454299       -14.275500       -2.0123985
   5.4177127e+08       -676299.22        16946.173        3381.6652      -0.39647567       -14.305630       -2.0131664
   5.4177127e+08       -676299.22        16946.173        3381.6652      -0.27496937       -14.314800       -2.0138117
   5.4177127e+08       -676299.22        16946.173        3381.6652      -0.15371599       -14.302731       -2.0143150
   5.4177127e+08       -676299.22        16946.173        3381.6652     -0.036399745       -14.269791       -2.0146608
   5.4177127e+08       -676299.22        16946.173        3381.6652      0.073414762       -14.216980       -2.0148388
   5.4177127e+08       -676299.22        16946.173        3381.6652       0.17239088       -14.145902       -2.0148434
   5.4177127e+08       -676299.22        16946.173        3381.6652       0.25752148       -14.058718       -2.0146746
   5.4177127e+08       -676299.22        16946.173        3381.6652       0.32621944       -13.958076       -2.0143374
   5.4177127e+08       -676299.22        16946.173        3381.6652       0.37639768       -13.847035       -2.0138422
   5.4177127e+08       -676299.22        16946.173        3381.6652       0.40653154       -13.728968       -2.0132039
   5.4177127e+08       -676299.22        16946.173        3381.6652       0.73929889       -13.604607       -1.8634059
   5.4177127e+08       -676299.22        16946.173        3381.6652       0.72166140       -13.427348       -1.8621452
   5.4177127e+08       -676299.22        16946.173        3381.6652       0.67351087       -13.255847       -1.8607758
   5.4177127e+08       -676299.22        16946.173        3381.6652       0.59631032       -13.095313       -1.8593395
   5.4177127e+08       -676299.22        16946.173        3381.6652       0.49240547       -12.950624       -1.8578798
   5.4177127e+08       -676299.22        16946.173        3381.6652       0.36495344       -12.826177       -1.8564411
   5.4177127e+08       -676299.22        16946.173        3381.6652       0.21782668       -12.725753       -1.8550671
   5.4177127e+08       -676299.22        16946.173        3381.6652      0.055495738       -12.652403       -1.8537996
   5.4177127e+08       -676299.22        16946.173        3381.6652      -0.11710724       -12.608356       -1.8526771
   5.4177127e+08       -676299.22        16946.173        3381.6652      -0.29473758       -12.594951       -1.8517337
   5.4177127e+08       -676299.22        16946.173        3381.6652      -0.47199818       -12.612594       -1.8509980
   5.4177127e+08       -676299.22        16946.173        3381.6652      -0.64350320       -12.660749       -1.8504924
   5.4177127e+08       -676299.22        16946.173        3381.6652      -0.80404139       -12.737954       -1.8502322
   5.4177127e+08       -676299.22        16946.173        3381.6652      -0.94873481       -12.841862       -1.8502255
   5.4177127e+08       -676299.22        16946.173        3381.6652       -1.0731871       -12.969317       -1.8504723
   5.4177127e+08       -676299.22        16946.173        3381.6652       -1.1736169       -13.116445       -1.8509652
   5.4177127e+08       -676299.22        16946.173        3381.6652       -1.2469728       -13.278777       -1.8516892
   5.4177127e+08       -676299.22        16946.173        3381.6652       -1.2910256       -13.451380       -1.8526223
   5.4177127e+08       -676299.22        16946.173        3381.6652       -1.3044370       -13.629009       -1.8537361
   5.4177127e+08       -676299.22        16946.173        3381.6652       -1.2867995       -13.806267       -1.8549969
   5.4177127e+08       -676299.22        16946.173        3381.6652       -1.2386489       -13.977768       -1.8563662
   5.4177127e+08       -676299.22        16946.173        3381.6652       -1.1614482       -14.138303       -1.8578026
   5.4177127e+08       -676299.22        16946.173        3381.6652       -1.0575434       -14.282991       -1.8592623
   5.4177127e+08       -676299.22        16946.173        3381.6652      -0.93009110       -14.407438       -1.8607010
   5.4177127e+08       -676299.22        16946.173        3381.6652      -0.78296438       -14.507862       -1.8620749
   5.4177127e+08       -676299.22        16946.173        3381.6652      -0.62063341       -14.581212       -1.8633424
   5.4177127e+08       -676299.22        16946.173        3381.6652      -0.44803053       -14.625259       -1.8644650
   5.4177127e+08       -676299.22        16946.173        3381.6652      -0.27040019       -14.638664       -1.8654084
   5.4177127e+08       -676299.22        16946.173        3381.6652     -0.093139593       -14.621021       -1.8661441
   5.4177127e+08       -676299.22        16946.173        3381.6652      0.078365288       -14.572866       -1.8666497
   5.4177127e+08       -676299.22        16946.173        3381.6652       0.23890337       -14.495661       -1.8669098
   5.4177127e+08       -676299.22        16946.173        3381.6652       0.38359678       -14.391752       -1.8669166
   5.4177127e+08       -676299.22        16946.173        3381.6652       0.50804939       -14.264297       -1.8666698
   5.4177127e+08       -676299.22        16946.173        3381.6652       0.60847910       -14.117169       -1.8661769
   5.4177127e+08       -676299.22        16946.173        3381.6652       0.68183478       -13.954837       -1.8654529
   5.4177127e+08       -676299.22        16946.173        3381.6652       0.72588755       -13.782235       -1.8645198
   5.4177127e+08       -676299.22        16946.173        3381.6652        1.0321023       -13.602478       -1.6604419
   5.4177127e+08       -676299.22        16946.173        3381.6652        1.0094280       -13.374599       -1.6588211
   5.4177127e+08       -676299.22        16946.173        3381.6652       0.94752686       -13.154121       -1.6570607
   5.4177127e+08       -676299.22        16946.173        3381.6652       0.84827973       -12.947742       -1.6552142
   5.4177127e+08       -676299.22        16946.173        3381.6652       0.71470220       -12.761734       -1.6533376
   5.4177127e+08       -676299.22        16946.173        3381.6652       0.55085300       -12.601748       -1.6514881
   5.4177127e+08       -676299.22        16946.173        3381.6652       0.36171044       -12.472645       -1.6497217
   5.4177127e+08       -676299.22        16946.173        3381.6652       0.15302177       -12.378348       -1.6480923
   5.4177127e+08       -676299.22        16946.173        3381.6652     -0.068872381       -12.321723       -1.6466492
   5.4177127e+08       -676299.22        16946.173        3381.6652      -0.29722958       -12.304489       -1.6454363
   5.4177127e+08       -676299.22        16946.173        3381.6652      -0.52511146       -12.327170       -1.6444905
   5.4177127e+08       -676299.22        16946.173        3381.6652      -0.74559409       -12.389078       -1.6438405
   5.4177127e+08       -676299.22        16946.173        3381.6652      -0.95197806       -12.488331       -1.6435061
   5.4177127e+08       -676299.22        16946.173        3381.6652       -1.1379924       -12.621913       -1.6434974
   5.4177127e+08       -676299.22        16946.173        3381.6652       -1.2979852       -12.785765       -1.6438147
   5.4177127e+08       -676299.22        16946.173        3381.6652       -1.4270953       -12.974910       -1.6444484
   5.4177127e+08       -676299.22        16946.173        3381.6652       -1.5213998       -13.183600       -1.6453791
   5.4177127e+08       -676299.22        16946.173        3381.6652       -1.5780330       -13.405493       -1.6465787
   5.4177127e+08       -676299.22        16946.173        3381.6652       -1.5952744       -13.633849       -1.6480106
   5.4177127e+08       -676299.22        16946.173        3381.6652       -1.5726000       -13.861727       -1.6496314
   5.4177127e+08       -676299.22        16946.173        3381.6652       -1.5106988       -14.082206       -1.6513918
   5.4177127e+08       -676299.22        16946.173        3381.6652       -1.4114515       -14.288584       -1.6532383
   5.4177127e+08       -676299.22        16946.173        3381.6652       -1.2778740       -14.474592       -1.6551149
   5.4177127e+08       -676299.22        16946.173        3381.6652       -1.1140245       -14.634579       -1.6569644
   5.4177127e+08       -676299.22        16946.173        3381.6652      -0.92488198       -14.763681       -1.6587308
   5.4177127e+08       -676299.22        16946.173        3381.6652      -0.71619326       -14.857978       -1.6603603
   5.4177127e+08       -676299.22        16946.173        3381.6652      -0.49429924       -14.914603       -1.6618034
   5.4177127e+08       -676299.22        16946.173        3381.6652      -0.26594203       -14.931837       -1.6630162
   5.4177127e+08       -676299.22        16946.173        3381.6652     -0.038060159       -14.909156       -1.6639620
   5.4177127e+08       -676299.22        16946.173        3381.6652       0.18242231       -14.847248       -1.6646120
   5.4177127e+08       -676299.22        16946.173        3381.6652       0.38880612       -14.747995       -1.6649464
   5.4177127e+08       -676299.22        16946.173        3381.6652       0.57482041       -14.614413       -1.6649551
   5.4177127e+08       -676299.22        16946.173        3381.6652       0.73481364       -14.450560       -1.6646378
   5.4177127e+08       -676299.22        16946.173        3381.6652       0.86392361       -14.261416       -1.6640041
   5.4177127e+08       -676299.22        16946.173        3381.6652       0.95822787       -14.052726       -1.6630734
   5.4177127e+08       -676299.22        16946.173        3381.6652        1.0148610       -13.830832       -1.6618738
   5.4177127e+08       -676299.22        16946.173        3381.6652        1.2852187       -13.601141       -1.4097170
   5.4177127e+08       -676299.22        16946.173        3381.6652        1.2581964       -13.329566       -1.4077855
   5.4177127e+08       -676299.22        16946.173        3381.6652        1.1844255       -13.066810       -1.4056875
   5.4177127e+08       -676299.22        16946.173        3381.6652        1.0661474       -12.820858       -1.4034869
   5.4177127e+08       -676299.22        16946.173        3381.6652       0.90695592       -12.599182       -1.4012505
   5.4177127e+08       -676299.22        16946.173        3381.6652       0.71168805       -12.408518       -1.3990463
   5.4177127e+08       -676299.22        16946.173        3381.6652       0.48627673       -12.254659       -1.3969412
   5.4177127e+08       -676299.22        16946.173        3381.6652       0.23757126       -12.142281       -1.3949993
   5.4177127e+08       -676299.22        16946.173        3381.6652     -0.026871895       -12.074797       -1.3932795
   5.4177127e+08       -676299.22        16946.173        3381.6652      -0.29901741       -12.054258       -1.3918340
   5.4177127e+08       -676299.22        16946.173        3381.6652      -0.57059646       -12.081289       -1.3907069
   5.4177127e+08       -676299.22        16946.173        3381.6652      -0.83335742       -12.155068       -1.3899323
   5.4177127e+08       -676299.22        16946.173        3381.6652       -1.0793163       -12.273352       -1.3895337
   5.4177127e+08       -676299.22        16946.173        3381.6652       -1.3009995       -12.432549       -1.3895234
   5.4177127e+08       -676299.22        16946.173        3381.6652       -1.4916715       -12.627821       -1.3899015
   5.4177127e+08       -676299.22        16946.173        3381.6652       -1.6455389       -12.853235       -1.3906567
   5.4177127e+08       -676299.22        16946.173        3381.6652       -1.7579266       -13.101942       -1.3917659
   5.4177127e+08       -676299.22        16946.173        3381.6652       -1.8254195       -13.366384       -1.3931955
   5.4177127e+08       -676299.22        16946.173        3381.6652       -1.8459669       -13.638528       -1.3949020
   5.4177127e+08       -676299.22        16946.173        3381.6652       -1.8189446       -13.910103       -1.3968336
   5.4177127e+08       -676299.22        16946.173        3381.6652       -1.7451737       -14.172859       -1.3989316
   5.4177127e+08       -676299.22        16946.173        3381.6652       -1.6268954       -14.418811       -1.4011322
   5.4177127e+08       -676299.22        16946.173        3381.6652       -1.4677039       -14.640487       -1.4033686
   5.4177127e+08       -676299.22        16946.173        3381.6652       -1.2724356       -14.831151       -1.4055728
   5.4177127e+08       -676299.22        16946.173        3381.6652       -1.0470244       -14.985010       -1.4076778
   5.4177127e+08       -676299.22        16946.173        3381.6652      -0.79831888       -15.097388       -1.4096197
   5.4177127e+08       -676299.22        16946.173        3381.6652      -0.53387588       -15.164872       -1.4113396
   5.4177127e+08       -676299.22        16946.173        3381.6652      -0.26173036       -15.185410       -1.4127850
   5.4177127e+08       -676299.22        16946.173        3381.6652     0.0098486815       -15.158379       -1.4139122
   5.4177127e+08       -676299.22        16946.173        3381.6652       0.27260945       -15.084601       -1.4146868
   5.4177127e+08       -676299.22        16946.173        3381.6652       0.51856810       -14.966316       -1.4150853
   5.4177127e+08       -676299.22        16946.173        3381.6652       0.74025130       -14.807119       -1.4150957
   5.4177127e+08       -676299.22        16946.173        3381.6652       0.93092380       -14.611847       -1.4147175
   5.4177127e+08       -676299.22        16946.173        3381.6652        1.0847911       -14.386433       -1.4139624
   5.4177127e+08       -676299.22        16946.173        3381.6652        1.1971785       -14.137726       -1.4128531
   5.4177127e+08       -676299.22        16946.173        3381.6652        1.2646713       -13.873284       -1.4114235
   5.4177127e+08       -676299.22        16946.173        3381.6652        1.4909573       -13.600638       -1.1188493
   5.4177127e+08       -676299.22        16946.173        3381.6652        1.4604083       -13.293617       -1.1166656
   5.4177127e+08       -676299.22        16946.173        3381.6652        1.3770091       -12.996568       -1.1142938
   5.4177127e+08       -676299.22        16946.173        3381.6652        1.2432938       -12.718515       -1.1118060
   5.4177127e+08       -676299.22        16946.173        3381.6652        1.0633253       -12.467906       -1.1092778
   5.4177127e+08       -676299.22        16946.173        3381.6652       0.84257188       -12.252358       -1.1067859
   5.4177127e+08       -676299.22        16946.173        3381.6652       0.58774079       -12.078418       -1.1044061
   5.4177127e+08       -676299.22        16946.173        3381.6652       0.30657529       -11.951373       -1.1022107
   5.4177127e+08       -676299.22        16946.173        3381.6652     0.0076180978       -11.875081       -1.1002664
   5.4177127e+08       -676299.22        16946.173        3381.6652      -0.30004674       -11.851862       -1.0986323
   5.4177127e+08       -676299.22        16946.173        3381.6652      -0.60707117       -11.882420       -1.0973580
   5.4177127e+08       -676299.22        16946.173        3381.6652      -0.90412663       -11.965828       -1.0964823
   5.4177127e+08       -676299.22        16946.173        3381.6652       -1.1821870       -12.099551       -1.0960318
   5.4177127e+08       -676299.22        16946.173        3381.6652       -1.4328034       -12.279526       -1.0960201
   5.4177127e+08       -676299.22        16946.173        3381.6652       -1.6483612       -12.500284       -1.0964476
   5.4177127e+08       -676299.22        16946.173        3381.6652       -1.8223107       -12.755118       -1.0973013
   5.4177127e+08       -676299.22        16946.173        3381.6652       -1.9493668       -13.036285       -1.0985553
   5.4177127e+08       -676299.22        16946.173        3381.6652       -2.0256686       -13.335241       -1.1001715
   5.4177127e+08       -676299.22        16946.173        3381.6652       -2.0488978       -13.642903       -1.1021007
   5.4177127e+08       -676299.22        16946.173        3381.6652       -2.0183487       -13.949924       -1.1042844
   5.4177127e+08       -676299.22        16946.173        3381.6652       -1.9349494       -14.246973       -1.1066562
   5.4177127e+08       -676299.22        16946.173        3381.6652       -1.8012339       -14.525026       -1.1091440
   5.4177127e+08       -676299.22        16946.173        3381.6652       -1.6212654       -14.775634       -1.1116723
   5.4177127e+08       -676299.22        16946.173        3381.6652       -1.4005116       -14.991183       -1.1141641
   5.4177127e+08       -676299.22        16946.173        3381.6652       -1.1456805       -15.165123       -1.1165439
   5.4177127e+08       -676299.22        16946.173        3381.6652      -0.86451500       -15.292168       -1.1187393
   5.4177127e+08       -676299.22        16946.173        3381.6652      -0.56555798       -15.368460       -1.1206836
   5.4177127e+08       -676299.22        16946.173        3381.6652      -0.25789313       -15.391679       -1.1223177
   5.4177127e+08       -676299.22        16946.173        3381.6652      0.049131294       -15.361120       -1.1235920
   5.4177127e+08       -676299.22        16946.173        3381.6652       0.34618653       -15.277712       -1.1244677
   5.4177127e+08       -676299.22        16946.173        3381.6652       0.62424669       -15.143989       -1.1249182
   5.4177127e+08       -676299.22        16946.173        3381.6652       0.87486308       -14.964015       -1.1249299
   5.4177127e+08       -676299.22        16946.173        3381.6652        1.0904214       -14.743256       -1.1245024
   5.4177127e+08       -676299.22        16946.173        3381.6652        1.2643708       -14.488422       -1.1236487
   5.4177127e+08       -676299.22        16946.173        3381.6652        1.3914266       -14.207255       -1.1223947
   5.4177127e+08       -676299.22        16946.173        3381.6652        1.4677282       -13.908299       -1.1207785
   5.4177127e+08       -676299.22        16946.173        3381.6652        1.6430671       -13.600982      -0.79667665
   5.4177127e+08       -676299.22        16946.173        3381.6652        1.6099194       -13.267845      -0.79430721
   5.4177127e+08       -676299.22        16946.173        3381.6652        1.5194260       -12.945528      -0.79173367
   5.4177127e+08       -676299.22        16946.173        3381.6652        1.3743364       -12.643822      -0.78903423
   5.4177127e+08       -676299.22        16946.173        3381.6652        1.1790591       -12.371897      -0.78629090
   5.4177127e+08       -676299.22        16946.173        3381.6652       0.93952757       -12.138013      -0.78358705
   5.4177127e+08       -676299.22        16946.173        3381.6652       0.66301963       -11.949277      -0.78100482
   5.4177127e+08       -676299.22        16946.173        3381.6652       0.35793719       -11.811424      -0.77862268
   5.4177127e+08       -676299.22        16946.173        3381.6652      0.033549620       -11.728643      -0.77651301
   5.4177127e+08       -676299.22        16946.173        3381.6652      -0.30028630       -11.703449      -0.77473991
   5.4177127e+08       -676299.22        16946.173        3381.6652      -0.63342734       -11.736607      -0.77335725
   5.4177127e+08       -676299.22        16946.173        3381.6652      -0.95575140       -11.827110      -0.77240704
   5.4177127e+08       -676299.22        16946.173        3381.6652       -1.2574646       -11.972208      -0.77191816
   5.4177127e+08       -676299.22        16946.173        3381.6652       -1.5293993       -12.167492      -0.77190546
   5.4177127e+08       -676299.22        16946.173        3381.6652       -1.7632932       -12.407028      -0.77236933
   5.4177127e+08       -676299.22        16946.173        3381.6652       -1.9520396       -12.683539      -0.77329567
   5.4177127e+08       -676299.22        16946.173        3381.6652       -2.0899035       -12.988623      -0.77465634
   5.4177127e+08       -676299.22        16946.173        3381.6652       -2.1726957       -13.313010      -0.77640999
   5.4177127e+08       -676299.22        16946.173        3381.6652       -2.1979009       -13.646843      -0.77850333
   5.4177127e+08       -676299.22        16946.173        3381.6652       -2.1647532       -13.979979      -0.78087277
   5.4177127e+08       -676299.22        16946.173        3381.6652       -2.0742597       -14.302297      -0.78344631
   5.4177127e+08       -676299.22        16946.173        3381.6652       -1.9291699       -14.604003      -0.78614576
   5.4177127e+08       -676299.22        16946.173        3381.6652       -1.7338926       -14.875928      -0.78888909
   5.4177127e+08       -676299.22        16946.173        3381.6652       -1.4943606       -15.109812      -0.79159294
   5.4177127e+08       -676299.22        16946.173        3381.6652       -1.2178528       -15.298548      -0.79417517
   5.4177127e+08       -676299.22        16946.173        3381.6652      -0.91277026       -15.436400      -0.79655731
   5.4177127e+08       -676299.22        16946.173        3381.6652      -0.58838288       -15.519181      -0.79866698
   5.4177127e+08       -676299.22        16946.173        3381.6652      -0.25454695       -15.544375      -0.80044008
   5.4177127e+08       -676299.22        16946.173        3381.6652      0.078594077       -15.511217      -0.80182274
   5.4177127e+08       -676299.22        16946.173        3381.6652       0.40091790       -15.420714      -0.80277294
   5.4177127e+08       -676299.22        16946.173        3381.6652       0.70263087       -15.275617      -0.80326182
   5.4177127e+08       -676299.22        16946.173        3381.6652       0.97456559       -15.080333      -0.80327452
   5.4177127e+08       -676299.22        16946.173        3381.6652        1.2084601       -14.840796      -0.80281065
   5.4177127e+08       -676299.22        16946.173        3381.6652        1.3972062       -14.564284      -0.80188431
   5.4177127e+08       -676299.22        16946.173        3381.6652        1.5350698       -14.259201      -0.80052364
   5.4177127e+08       -676299.22        16946.173        3381.6652        1.6178620       -13.934814      -0.79876999
   5.4177127e+08       -676299.22        16946.173        3381.6652        1.7369260       -13.602164      -0.45298812
   5.4177127e+08       -676299.22        16946.173        3381.6652        1.7021869       -13.253033      -0.45050493
   5.4177127e+08       -676299.22        16946.173        3381.6652        1.6073488       -12.915241      -0.44780783
   5.4177127e+08       -676299.22        16946.173        3381.6652        1.4552934       -12.599051      -0.44497878
   5.4177127e+08       -676299.22        16946.173        3381.6652        1.2506407       -12.314070      -0.44210375
   5.4177127e+08       -676299.22        16946.173        3381.6652       0.99960920       -12.068957      -0.43927008
   5.4177127e+08       -676299.22        16946.173        3381.6652       0.70982596       -11.871160      -0.43656388
   5.4177127e+08       -676299.22        16946.173        3381.6652       0.39009635       -11.726689      -0.43406737
   5.4177127e+08       -676299.22        16946.173        3381.6652      0.050134754       -11.639933      -0.43185641
   5.4177127e+08       -676299.22        16946.173        3381.6652      -0.29972880       -11.613529      -0.42999818
   5.4177127e+08       -676299.22        16946.173        3381.6652      -0.64886412       -11.648279      -0.42854914
   5.4177127e+08       -676299.22        16946.173        3381.6652      -0.98666314       -11.743127      -0.42755331
   5.4177127e+08       -676299.22        16946.173        3381.6652       -1.3028617       -11.895191      -0.42704096
   5.4177127e+08       -676299.22        16946.173        3381.6652       -1.5878522       -12.099851      -0.42702766
   5.4177127e+08       -676299.22        16946.173        3381.6652       -1.8329755       -12.350888      -0.42751379
   5.4177127e+08       -676299.22        16946.173        3381.6652       -2.0307836       -12.640674      -0.42848461
   5.4177127e+08       -676299.22        16946.173        3381.6652       -2.1752665       -12.960405      -0.42991060
   5.4177127e+08       -676299.22        16946.173        3381.6652       -2.2620336       -13.300366      -0.43174844
   5.4177127e+08       -676299.22        16946.173        3381.6652       -2.2884489       -13.650227      -0.43394229
   5.4177127e+08       -676299.22        16946.173        3381.6652       -2.2537097       -13.999357      -0.43642549
   5.4177127e+08       -676299.22        16946.173        3381.6652       -2.1588716       -14.337149      -0.43912259
   5.4177127e+08       -676299.22        16946.173        3381.6652       -2.0068160       -14.653340      -0.44195164
   5.4177127e+08       -676299.22        16946.173        3381.6652       -1.8021633       -14.938321      -0.44482667
   5.4177127e+08       -676299.22        16946.173        3381.6652       -1.5511313       -15.183434      -0.44766034
   5.4177127e+08       -676299.22        16946.173        3381.6652       -1.2613481       -15.381231      -0.45036654
   5.4177127e+08       -676299.22        16946.173        3381.6652      -0.94161845       -15.525702      -0.45286305
   5.4177127e+08       -676299.22        16946.173        3381.6652      -0.60165705       -15.612457      -0.45507400
   5.4177127e+08       -676299.22        16946.173        3381.6652      -0.25179349       -15.638861      -0.45693223
   5.4177127e+08       -676299.22        16946.173        3381.6652      0.097341821       -15.604111      -0.45838128
   5.4177127e+08       -676299.22        16946.173        3381.6652       0.43514058       -15.509263      -0.45937710
   5.4177127e+08       -676299.22        16946.173        3381.6652       0.75133895       -15.357199      -0.45988945
   5.4177127e+08       -676299.22        16946.173        3381.6652        1.0363294       -15.152539      -0.45990276
   5.4177127e+08       -676299.22        16946.173        3381.6652        1.2814533       -14.901502      -0.45941662
   5.4177127e+08       -676299.22        16946.173        3381.6652        1.4792612       -14.611715      -0.45844580
   5.4177127e+08       -676299.22        16946.173        3381.6652        1.6237438       -14.291984      -0.45701981
   5.4177127e+08       -676299.22        16946.173        3381.6652        1.7105108       -13.952024      -0.45518197
   5.4177127e+08       -676299.22        16946.173        3381.6652        1.7696823       -13.604148     -0.098226527
   5.4177127e+08       -676299.22        16946.173        3381.6652        1.7344073       -13.249631     -0.095705020
   5.4177127e+08       -676299.22        16946.173        3381.6652        1.6381062       -12.906628     -0.092966316
   5.4177127e+08       -676299.22        16946.173        3381.6652        1.4837051       -12.585560     -0.090093628
   5.4177127e+08       -676299.22        16946.173        3381.6652        1.2758953       -12.296182     -0.087174241
   5.4177127e+08       -676299.22        16946.173        3381.6652        1.0209912       -12.047288     -0.084296861
   5.4177127e+08       -676299.22        16946.173        3381.6652       0.72673758       -11.846440     -0.081548912
   5.4177127e+08       -676299.22        16946.173        3381.6652       0.40207562       -11.699740     -0.079013892
   5.4177127e+08       -676299.22        16946.173        3381.6652      0.056869571       -11.611646     -0.076768825
   5.4177127e+08       -676299.22        16946.173        3381.6652      -0.29839120       -11.584835     -0.074881928
   5.4177127e+08       -676299.22        16946.173        3381.6652      -0.65291249       -11.620121     -0.073410532
   5.4177127e+08       -676299.22        16946.173        3381.6652      -0.99592260       -11.716432     -0.072399344
   5.4177127e+08       -676299.22        16946.173        3381.6652       -1.3169991       -11.870842     -0.071879089
   5.4177127e+08       -676299.22        16946.173        3381.6652       -1.6063860       -12.078659     -0.071865576
   5.4177127e+08       -676299.22        16946.173        3381.6652       -1.8552907       -12.333568     -0.072359214
   5.4177127e+08       -676299.22        16946.173        3381.6652       -2.0561503       -12.627825     -0.073345004
   5.4177127e+08       -676299.22        16946.173        3381.6652       -2.2028621       -12.952489     -0.074792996
   5.4177127e+08       -676299.22        16946.173        3381.6652       -2.2909677       -13.297694     -0.076659190
   5.4177127e+08       -676299.22        16946.173        3381.6652       -2.3177905       -13.652952     -0.078886883
   5.4177127e+08       -676299.22        16946.173        3381.6652       -2.2825155       -14.007468     -0.081408389
   5.4177127e+08       -676299.22        16946.173        3381.6652       -2.1862143       -14.350472     -0.084147092
   5.4177127e+08       -676299.22        16946.173        3381.6652       -2.0318129       -14.671540     -0.087019783
   5.4177127e+08       -676299.22        16946.173        3381.6652       -1.8240031       -14.960917     -0.089939169
   5.4177127e+08       -676299.22        16946.173        3381.6652       -1.5690986       -15.209811     -0.092816553
   5.4177127e+08       -676299.22        16946.173        3381.6652       -1.2748451       -15.410659     -0.095564500
   5.4177127e+08       -676299.22        16946.173        3381.6652      -0.95018303       -15.557359     -0.098099519
   5.4177127e+08       -676299.22        16946.173        3381.6652      -0.60497718       -15.645453      -0.10034458
   5.4177127e+08       -676299.22        16946.173        3381.6652      -0.24971640       -15.672264      -0.10223148
   5.4177127e+08       -676299.22        16946.173        3381.6652       0.10480488       -15.636978      -0.10370288
   5.4177127e+08       -676299.22        16946.173        3381.6652       0.44781473       -15.540667      -0.10471406
   5.4177127e+08       -676299.22        16946.173        3381.6652       0.76889097       -15.386257      -0.10523432
   5.4177127e+08       -676299.22        16946.173        3381.6652        1.0582779       -15.178440      -0.10524783
   5.4177127e+08       -676299.22        16946.173        3381.6652        1.3071832       -14.923530      -0.10475419
   5.4177127e+08       -676299.22        16946.173        3381.6652        1.5080426       -14.629273      -0.10376840
   5.4177127e+08       -676299.22        16946.173        3381.6652        1.6547540       -14.304609      -0.10232041
   5.4177127e+08       -676299.22        16946.173        3381.6652        1.7428596       -13.959404      -0.10045421
   5.4177127e+08       -676299.22        16946.173        3381.6652        1.7403407       -13.606873       0.25682888
   5.4177127e+08       -676299.22        16946.173        3381.6652        1.7056016       -13.257742       0.25931208
   5.4177127e+08       -676299.22        16946.173        3381.6652        1.6107635       -12.919950       0.26200918
   5.4177127e+08       -676299.22        16946.173        3381.6652        1.4587081       -12.603759       0.26483823
   5.4177127e+08       -676299.22        16946.173        3381.6652        1.2540554       -12.318778       0.26771326
   5.4177127e+08       -676299.22        16946.173        3381.6652        1.0030239       -12.073666       0.27054693
   5.4177127e+08       -676299.22        16946.173        3381.6652       0.71324064       -11.875869       0.27325313
   5.4177127e+08       -676299.22        16946.173        3381.6652       0.39351103       -11.731398       0.27574964
   5.4177127e+08       -676299.22        16946.173        3381.6652      0.053549436       -11.644642       0.27796059
   5.4177127e+08       -676299.22        16946.173        3381.6652      -0.29631412       -11.618238       0.27981883
   5.4177127e+08       -676299.22        16946.173        3381.6652      -0.64544944       -11.652988       0.28126787
   5.4177127e+08       -676299.22        16946.173        3381.6652      -0.98324846       -11.747836       0.28226369
   5.4177127e+08       -676299.22        16946.173        3381.6652       -1.2994471       -11.899900       0.28277604
   5.4177127e+08       -676299.22        16946.173        3381.6652       -1.5844375       -12.104560       0.28278935
   5.4177127e+08       -676299.22        16946.173        3381.6652       -1.8295608       -12.355596       0.28230321
   5.4177127e+08       -676299.22        16946.173        3381.6652       -2.0273689       -12.645383       0.28133240
   5.4177127e+08       -676299.22        16946.173        3381.6652       -2.1718518       -12.965114       0.27990641
   5.4177127e+08       -676299.22        16946.173        3381.6652       -2.2586189       -13.305075       0.27806856
   5.4177127e+08       -676299.22        16946.173        3381.6652       -2.2850342       -13.654936       0.27587471
   5.4177127e+08       -676299.22        16946.173        3381.6652       -2.2502951       -14.004066       0.27339152
   5.4177127e+08       -676299.22        16946.173        3381.6652       -2.1554570       -14.341858       0.27069442
   5.4177127e+08       -676299.22        16946.173        3381.6652       -2.0034013       -14.658049       0.26786537
   5.4177127e+08       -676299.22        16946.173        3381.6652       -1.7987486       -14.943030       0.26499034
   5.4177127e+08       -676299.22        16946.173        3381.6652       -1.5477166       -15.188143       0.26215667
   5.4177127e+08       -676299.22        16946.173        3381.6652       -1.2579334       -15.385940       0.25945047
   5.4177127e+08       -676299.22        16946.173        3381.6652      -0.93820377       -15.530410       0.25695396
   5.4177127e+08       -676299.22        16946.173        3381.6652      -0.59824237       -15.617166       0.25474300
   5.4177127e+08       -676299.22        16946.173        3381.6652      -0.24837881       -15.643570       0.25288477
   5.4177127e+08       -676299.22        16946.173        3381.6652       0.10075650       -15.608820       0.25143573
   5.4177127e+08       -676299.22        16946.173        3381.6652       0.43855526       -15.513972       0.25043991
   5.4177127e+08       -676299.22        16946.173        3381.6652       0.75475363       -15.361908       0.24992756
   5.4177127e+08       -676299.22        16946.173        3381.6652        1.0397441       -15.157248       0.24991425
   5.4177127e+08       -676299.22        16946.173        3381.6652        1.2848679       -14.906210       0.25040039
   5.4177127e+08       -676299.22        16946.173        3381.6652        1.4826759       -14.616424       0.25137121
   5.4177127e+08       -676299.22        16946.173        3381.6652        1.6271584       -14.296693       0.25279720
   5.4177127e+08       -676299.22        16946.173        3381.6652        1.7139255       -13.956732       0.25463504
   5.4177127e+08       -676299.22        16946.173        3381.6652        1.6497927       -13.610257       0.60138993
   5.4177127e+08       -676299.22        16946.173        3381.6652        1.6166450       -13.277120       0.60375937
   5.4177127e+08       -676299.22        16946.173        3381.6652        1.5261516       -12.954802       0.60633291
   5.4177127e+08       -676299.22        16946.173        3381.6652        1.3810620       -12.653097       0.60903235
   5.4177127e+08       -676299.22        16946.173        3381.6652        1.1857847       -12.381171       0.61177568
   5.4177127e+08       -676299.22        16946.173        3381.6652       0.94625318       -12.147287       0.61447953
   5.4177127e+08       -676299.22        16946.173        3381.6652       0.66974524       -11.958552       0.61706176
   5.4177127e+08       -676299.22        16946.173        3381.6652       0.36466280       -11.820699       0.61944390
   5.4177127e+08       -676299.22        16946.173        3381.6652      0.040275229       -11.737918       0.62155357
   5.4177127e+08       -676299.22        16946.173        3381.6652      -0.29356069       -11.712724       0.62332667
   5.4177127e+08       -676299.22        16946.173        3381.6652      -0.62670173       -11.745882       0.62470933
   5.4177127e+08       -676299.22        16946.173        3381.6652      -0.94902579       -11.836384       0.62565954
   5.4177127e+08       -676299.22        16946.173        3381.6652       -1.2507390       -11.981482       0.62614842
   5.4177127e+08       -676299.22        16946.173        3381.6652       -1.5226737       -12.176766       0.62616112
   5.4177127e+08       -676299.22        16946.173        3381.6652       -1.7565676       -12.416303       0.62569725
   5.4177127e+08       -676299.22        16946.173        3381.6652       -1.9453140       -12.692814       0.62477091
   5.4177127e+08       -676299.22        16946.173        3381.6652       -2.0831779       -12.997898       0.62341024
   5.4177127e+08       -676299.22        16946.173        3381.6652       -2.1659701       -13.322284       0.62165659
   5.4177127e+08       -676299.22        16946.173        3381.6652       -2.1911753       -13.656117       0.61956325
   5.4177127e+08       -676299.22        16946.173        3381.6652       -2.1580276       -13.989254       0.61719381
   5.4177127e+08       -676299.22        16946.173        3381.6652       -2.0675341       -14.311572       0.61462027
   5.4177127e+08       -676299.22        16946.173        3381.6652       -1.9224443       -14.613277       0.61192082
   5.4177127e+08       -676299.22        16946.173        3381.6652       -1.7271669       -14.885203       0.60917749
   5.4177127e+08       -676299.22        16946.173        3381.6652       -1.4876350       -15.119087       0.60647364
   5.4177127e+08       -676299.22        16946.173        3381.6652       -1.2111272       -15.307822       0.60389141
   5.4177127e+08       -676299.22        16946.173        3381.6652      -0.90604465       -15.445675       0.60150927
   5.4177127e+08       -676299.22        16946.173        3381.6652      -0.58165727       -15.528456       0.59939960
   5.4177127e+08       -676299.22        16946.173        3381.6652      -0.24782134       -15.553650       0.59762650
   5.4177127e+08       -676299.22        16946.173        3381.6652      0.085319687       -15.520492       0.59624384
   5.4177127e+08       -676299.22        16946.173        3381.6652       0.40764351       -15.429989       0.59529364
   5.4177127e+08       -676299.22        16946.173        3381.6652       0.70935647       -15.284891       0.59480476
   5.4177127e+08       -676299.22        16946.173        3381.6652       0.98129120       -15.089607       0.59479206
   5.4177127e+08       -676299.22        16946.173        3381.6652        1.2151857       -14.850070       0.59525593
   5.4177127e+08       -676299.22        16946.173        3381.6652        1.4039318       -14.573559       0.59618227
   5.4177127e+08       -676299.22        16946.173        3381.6652        1.5417954       -14.268475       0.59754294
   5.4177127e+08       -676299.22        16946.173        3381.6652        1.6245876       -13.944089       0.59929659
   5.4177127e+08       -676299.22        16946.173        3381.6652        1.5007895       -13.614196       0.92498728
   5.4177127e+08       -676299.22        16946.173        3381.6652        1.4702405       -13.307176       0.92717097
   5.4177127e+08       -676299.22        16946.173        3381.6652        1.3868413       -13.010126       0.92954276
   5.4177127e+08       -676299.22        16946.173        3381.6652        1.2531260       -12.732073       0.93203058
   5.4177127e+08       -676299.22        16946.173        3381.6652        1.0731575       -12.481465       0.93455884
   5.4177127e+08       -676299.22        16946.173        3381.6652       0.85240406       -12.265916       0.93705073
   5.4177127e+08       -676299.22        16946.173        3381.6652       0.59757297       -12.091977       0.93943052
   5.4177127e+08       -676299.22        16946.173        3381.6652       0.31640748       -11.964931       0.94162591
   5.4177127e+08       -676299.22        16946.173        3381.6652      0.017450281       -11.888640       0.94357020
   5.4177127e+08       -676299.22        16946.173        3381.6652      -0.29021455       -11.865420       0.94520430
   5.4177127e+08       -676299.22        16946.173        3381.6652      -0.59723899       -11.895979       0.94647856
   5.4177127e+08       -676299.22        16946.173        3381.6652      -0.89429445       -11.979387       0.94735428
   5.4177127e+08       -676299.22        16946.173        3381.6652       -1.1723548       -12.113110       0.94780483
   5.4177127e+08       -676299.22        16946.173        3381.6652       -1.4229712       -12.293084       0.94781653
   5.4177127e+08       -676299.22        16946.173        3381.6652       -1.6385290       -12.513842       0.94738903
   5.4177127e+08       -676299.22        16946.173        3381.6652       -1.8124786       -12.768676       0.94653531
   5.4177127e+08       -676299.22        16946.173        3381.6652       -1.9395346       -13.049843       0.94528131
   5.4177127e+08       -676299.22        16946.173        3381.6652       -2.0158364       -13.348799       0.94366514
   5.4177127e+08       -676299.22        16946.173        3381.6652       -2.0390656       -13.656462       0.94173590
   5.4177127e+08       -676299.22        16946.173        3381.6652       -2.0085165       -13.963482       0.93955222
   5.4177127e+08       -676299.22        16946.173        3381.6652       -1.9251173       -14.260532       0.93718043
   5.4177127e+08       -676299.22        16946.173        3381.6652       -1.7914018       -14.538585       0.93469261
   5.4177127e+08       -676299.22        16946.173        3381.6652       -1.6114332       -14.789193       0.93216434
   5.4177127e+08       -676299.22        16946.173        3381.6652       -1.3906794       -15.004742       0.92967246
   5.4177127e+08       -676299.22        16946.173        3381.6652       -1.1358484       -15.178681       0.92729266
   5.4177127e+08       -676299.22        16946.173        3381.6652      -0.85468282       -15.305727       0.92509727
   5.4177127e+08       -676299.22        16946.173        3381.6652      -0.55572579       -15.382018       0.92315299
   5.4177127e+08       -676299.22        16946.173        3381.6652      -0.24806095       -15.405237       0.92151889
   5.4177127e+08       -676299.22        16946.173        3381.6652      0.058963477       -15.374679       0.92024462
   5.4177127e+08       -676299.22        16946.173        3381.6652       0.35601871       -15.291271       0.91936891
   5.4177127e+08       -676299.22        16946.173        3381.6652       0.63407888       -15.157548       0.91891836
   5.4177127e+08       -676299.22        16946.173        3381.6652       0.88469527       -14.977573       0.91890666
   5.4177127e+08       -676299.22        16946.173        3381.6652        1.1002536       -14.756814       0.91933416
   5.4177127e+08       -676299.22        16946.173        3381.6652        1.2742030       -14.501981       0.92018788
   5.4177127e+08       -676299.22        16946.173        3381.6652        1.4012588       -14.220814       0.92144188
   5.4177127e+08       -676299.22        16946.173        3381.6652        1.4775604       -13.921857       0.92305805
   5.4177127e+08       -676299.22        16946.173        3381.6652        1.2978587       -13.618572        1.2177886
   5.4177127e+08       -676299.22        16946.173        3381.6652        1.2708365       -13.346996        1.2197202
   5.4177127e+08       -676299.22        16946.173        3381.6652        1.1970656       -13.084241        1.2218182
   5.4177127e+08       -676299.22        16946.173        3381.6652        1.0787874       -12.838288        1.2240188
   5.4177127e+08       -676299.22        16946.173        3381.6652       0.91959593       -12.616612        1.2262551
   5.4177127e+08       -676299.22        16946.173        3381.6652       0.72432806       -12.425948        1.2284594
   5.4177127e+08       -676299.22        16946.173        3381.6652       0.49891674       -12.272090        1.2305644
   5.4177127e+08       -676299.22        16946.173        3381.6652       0.25021127       -12.159711        1.2325063
   5.4177127e+08       -676299.22        16946.173        3381.6652     -0.014231884       -12.092227        1.2342262
   5.4177127e+08       -676299.22        16946.173        3381.6652      -0.28637740       -12.071689        1.2356716
   5.4177127e+08       -676299.22        16946.173        3381.6652      -0.55795644       -12.098719        1.2367988
   5.4177127e+08       -676299.22        16946.173        3381.6652      -0.82071741       -12.172498        1.2375734
   5.4177127e+08       -676299.22        16946.173        3381.6652       -1.0666762       -12.290783        1.2379719
   5.4177127e+08       -676299.22        16946.173        3381.6652       -1.2883595       -12.449980        1.2379823
   5.4177127e+08       -676299.22        16946.173        3381.6652       -1.4790315       -12.645252        1.2376041
   5.4177127e+08       -676299.22        16946.173        3381.6652       -1.6328989       -12.870665        1.2368490
   5.4177127e+08       -676299.22        16946.173        3381.6652       -1.7452866       -13.119372        1.2357397
   5.4177127e+08       -676299.22        16946.173        3381.6652       -1.8127795       -13.383815        1.2343101
   5.4177127e+08       -676299.22        16946.173        3381.6652       -1.8333269       -13.655958        1.2326036
   5.4177127e+08       -676299.22        16946.173        3381.6652       -1.8063046       -13.927533        1.2306720
   5.4177127e+08       -676299.22        16946.173        3381.6652       -1.7325337       -14.190289        1.2285741
   5.4177127e+08       -676299.22        16946.173        3381.6652       -1.6142554       -14.436242        1.2263735
   5.4177127e+08       -676299.22        16946.173        3381.6652       -1.4550639       -14.657917        1.2241371
   5.4177127e+08       -676299.22        16946.173        3381.6652       -1.2597956       -14.848582        1.2219329
   5.4177127e+08       -676299.22        16946.173        3381.6652       -1.0343844       -15.002440        1.2198278
   5.4177127e+08       -676299.22        16946.173        3381.6652      -0.78567887       -15.114818        1.2178859
   5.4177127e+08       -676299.22        16946.173        3381.6652      -0.52123587       -15.182302        1.2161661
   5.4177127e+08       -676299.22        16946.173        3381.6652      -0.24909035       -15.202841        1.2147206
   5.4177127e+08       -676299.22        16946.173        3381.6652      0.022488692       -15.175810        1.2135935
   5.4177127e+08       -676299.22        16946.173        3381.6652       0.28524946       -15.102031        1.2128189
   5.4177127e+08       -676299.22        16946.173        3381.6652       0.53120811       -14.983746        1.2124203
   5.4177127e+08       -676299.22        16946.173        3381.6652       0.75289131       -14.824550        1.2124100
   5.4177127e+08       -676299.22        16946.173        3381.6652       0.94356381       -14.629277        1.2127881
   5.4177127e+08       -676299.22        16946.173        3381.6652        1.0974311       -14.403863        1.2135433
   5.4177127e+08       -676299.22        16946.173        3381.6652        1.2098185       -14.155157        1.2146525
   5.4177127e+08       -676299.22        16946.173        3381.6652        1.2773113       -13.890714        1.2160821
   5.4177127e+08       -676299.22        16946.173        3381.6652        1.0471661       -13.623251        1.4708972
   5.4177127e+08       -676299.22        16946.173        3381.6652        1.0244918       -13.395372        1.4725180
   5.4177127e+08       -676299.22        16946.173        3381.6652       0.96259063       -13.174894        1.4742784
   5.4177127e+08       -676299.22        16946.173        3381.6652       0.86334351       -12.968515        1.4761249
   5.4177127e+08       -676299.22        16946.173        3381.6652       0.72976598       -12.782507        1.4780015
   5.4177127e+08       -676299.22        16946.173        3381.6652       0.56591678       -12.622521        1.4798510
   5.4177127e+08       -676299.22        16946.173        3381.6652       0.37677422       -12.493418        1.4816174
   5.4177127e+08       -676299.22        16946.173        3381.6652       0.16808555       -12.399121        1.4832468
   5.4177127e+08       -676299.22        16946.173        3381.6652     -0.053808603       -12.342496        1.4846899
   5.4177127e+08       -676299.22        16946.173        3381.6652      -0.28216580       -12.325262        1.4859028
   5.4177127e+08       -676299.22        16946.173        3381.6652      -0.51004768       -12.347943        1.4868486
   5.4177127e+08       -676299.22        16946.173        3381.6652      -0.73053032       -12.409851        1.4874986
   5.4177127e+08       -676299.22        16946.173        3381.6652      -0.93691429       -12.509103        1.4878330
   5.4177127e+08       -676299.22        16946.173        3381.6652       -1.1229286       -12.642686        1.4878417
   5.4177127e+08       -676299.22        16946.173        3381.6652       -1.2829214       -12.806538        1.4875244
   5.4177127e+08       -676299.22        16946.173        3381.6652       -1.4120315       -12.995683        1.4868907
   5.4177127e+08       -676299.22        16946.173        3381.6652       -1.5063360       -13.204373        1.4859600
   5.4177127e+08       -676299.22        16946.173        3381.6652       -1.5629692       -13.426266        1.4847604
   5.4177127e+08       -676299.22        16946.173        3381.6652       -1.5802106       -13.654621        1.4833285
   5.4177127e+08       -676299.22        16946.173        3381.6652       -1.5575362       -13.882500        1.4817077
   5.4177127e+08       -676299.22        16946.173        3381.6652       -1.4956350       -14.102978        1.4799473
   5.4177127e+08       -676299.22        16946.173        3381.6652       -1.3963877       -14.309357        1.4781008
   5.4177127e+08       -676299.22        16946.173        3381.6652       -1.2628102       -14.495365        1.4762242
   5.4177127e+08       -676299.22        16946.173        3381.6652       -1.0989607       -14.655351        1.4743747
   5.4177127e+08       -676299.22        16946.173        3381.6652      -0.90981820       -14.784454        1.4726083
   5.4177127e+08       -676299.22        16946.173        3381.6652      -0.70112949       -14.878751        1.4709788
   5.4177127e+08       -676299.22        16946.173        3381.6652      -0.47923546       -14.935376        1.4695357
   5.4177127e+08       -676299.22        16946.173        3381.6652      -0.25087825       -14.952610        1.4683229
   5.4177127e+08       -676299.22        16946.173        3381.6652     -0.022996381       -14.929929        1.4673771
   5.4177127e+08       -676299.22        16946.173        3381.6652       0.19748608       -14.868021        1.4667271
   5.4177127e+08       -676299.22        16946.173        3381.6652       0.40386990       -14.768768        1.4663927
   5.4177127e+08       -676299.22        16946.173        3381.6652       0.58988419       -14.635186        1.4663840
   5.4177127e+08       -676299.22        16946.173        3381.6652       0.74987742       -14.471333        1.4667013
   5.4177127e+08       -676299.22        16946.173        3381.6652       0.87898739       -14.282188        1.4673350
   5.4177127e+08       -676299.22        16946.173        3381.6652       0.97329165       -14.073499        1.4682657
   5.4177127e+08       -676299.22        16946.173        3381.6652        1.0299248       -13.851605        1.4694653
   5.4177127e+08       -676299.22        16946.173        3381.6652       0.75632873       -13.628091        1.6766227
   5.4177127e+08       -676299.22        16946.173        3381.6652       0.73869124       -13.450832        1.6778835
   5.4177127e+08       -676299.22        16946.173        3381.6652       0.69054071       -13.279331        1.6792528
   5.4177127e+08       -676299.22        16946.173        3381.6652       0.61334016       -13.118797        1.6806892
   5.4177127e+08       -676299.22        16946.173        3381.6652       0.50943531       -12.974108        1.6821489
   5.4177127e+08       -676299.22        16946.173        3381.6652       0.38198328       -12.849661        1.6835876
   5.4177127e+08       -676299.22        16946.173        3381.6652       0.23485652       -12.749237        1.6849615
   5.4177127e+08       -676299.22        16946.173        3381.6652      0.072525578       -12.675887        1.6862290
   5.4177127e+08       -676299.22        16946.173        3381.6652      -0.10007740       -12.631840        1.6873516
   5.4177127e+08       -676299.22        16946.173        3381.6652      -0.27770774       -12.618435        1.6882950
   5.4177127e+08       -676299.22        16946.173        3381.6652      -0.45496834       -12.636078        1.6890307
   5.4177127e+08       -676299.22        16946.173        3381.6652      -0.62647336       -12.684233        1.6895363
   5.4177127e+08       -676299.22        16946.173        3381.6652      -0.78701155       -12.761438        1.6897964
   5.4177127e+08       -676299.22        16946.173        3381.6652      -0.93170497       -12.865346        1.6898032
   5.4177127e+08       -676299.22        16946.173        3381.6652       -1.0561573       -12.992801        1.6895564
   5.4177127e+08       -676299.22        16946.173        3381.6652       -1.1565871       -13.139929        1.6890635
   5.4177127e+08       -676299.22        16946.173        3381.6652       -1.2299429       -13.302261        1.6883395
   5.4177127e+08       -676299.22        16946.173        3381.6652       -1.2739958       -13.474864        1.6874064
   5.4177127e+08       -676299.22        16946.173        3381.6652       -1.2874071       -13.652493        1.6862925
   5.4177127e+08       -676299.22        16946.173        3381.6652       -1.2697696       -13.829751        1.6850318
   5.4177127e+08       -676299.22        16946.173        3381.6652       -1.2216191       -14.001252        1.6836624
   5.4177127e+08       -676299.22        16946.173        3381.6652       -1.1444184       -14.161787        1.6822261
   5.4177127e+08       -676299.22        16946.173        3381.6652       -1.0405135       -14.306475        1.6807664
   5.4177127e+08       -676299.22        16946.173        3381.6652      -0.91306126       -14.430922        1.6793277
   5.4177127e+08       -676299.22        16946.173        3381.6652      -0.76593454       -14.531346        1.6779537
   5.4177127e+08       -676299.22        16946.173        3381.6652      -0.60360357       -14.604696        1.6766862
   5.4177127e+08       -676299.22        16946.173        3381.6652      -0.43100069       -14.648743        1.6755637
   5.4177127e+08       -676299.22        16946.173        3381.6652      -0.25337035       -14.662148        1.6746202
   5.4177127e+08       -676299.22        16946.173        3381.6652     -0.076109753       -14.644505        1.6738845
   5.4177127e+08       -676299.22        16946.173        3381.6652      0.095395128       -14.596350        1.6733790
   5.4177127e+08       -676299.22        16946.173        3381.6652       0.25593321       -14.519145        1.6731188
   5.4177127e+08       -676299.22        16946.173        3381.6652       0.40062662       -14.415236        1.6731121
   5.4177127e+08       -676299.22        16946.173        3381.6652       0.52507923       -14.287781        1.6733589
   5.4177127e+08       -676299.22        16946.173        3381.6652       0.62550894       -14.140653        1.6738518
   5.4177127e+08       -676299.22        16946.173        3381.6652       0.69886462       -13.978321        1.6745758
   5.4177127e+08       -676299.22        16946.173        3381.6652       0.74291739       -13.805719        1.6755089
   5.4177127e+08       -676299.22        16946.173        3381.6652       0.43418390       -13.632944        1.8287140
   5.4177127e+08       -676299.22        16946.173        3381.6652       0.42211915       -13.511693        1.8295764
   5.4177127e+08       -676299.22        16946.173        3381.6652       0.38918224       -13.394379        1.8305131
   5.4177127e+08       -676299.22        16946.173        3381.6652       0.33637397       -13.284567        1.8314956
   5.4177127e+08       -676299.22        16946.173        3381.6652       0.26529886       -13.185594        1.8324941
   5.4177127e+08       -676299.22        16946.173        3381.6652       0.17811655       -13.100467        1.8334782
   5.4177127e+08       -676299.22        16946.173        3381.6652      0.077475915       -13.031773        1.8344181
   5.4177127e+08       -676299.22        16946.173        3381.6652     -0.033564980       -12.981599        1.8352851
   5.4177127e+08       -676299.22        16946.173        3381.6652      -0.15163237       -12.951469        1.8360530
   5.4177127e+08       -676299.22        16946.173        3381.6652      -0.27313867       -12.942299        1.8366983
   5.4177127e+08       -676299.22        16946.173        3381.6652      -0.39439205       -12.954368        1.8372016
   5.4177127e+08       -676299.22        16946.173        3381.6652      -0.51170838       -12.987308        1.8375474
   5.4177127e+08       -676299.22        16946.173        3381.6652      -0.62152297       -13.040119        1.8377254
   5.4177127e+08       -676299.22        16946.173        3381.6652      -0.72049910       -13.111197        1.8377300
   5.4177127e+08       -676299.22        16946.173        3381.6652      -0.80562949       -13.198381        1.8375612
   5.4177127e+08       -676299.22        16946.173        3381.6652      -0.87432751       -13.299023        1.8372240
   5.4177127e+08       -676299.22        16946.173        3381.6652      -0.92450587       -13.410064        1.8367288
   5.4177127e+08       -676299.22        16946.173        3381.6652      -0.95463977       -13.528131        1.8360905
   5.4177127e+08       -676299.22        16946.173        3381.6652      -0.96381370       -13.649636        1.8353286
   5.4177127e+08       -676299.22        16946.173        3381.6652      -0.95174892       -13.770888        1.8344662
   5.4177127e+08       -676299.22        16946.173        3381.6652      -0.91881200       -13.888202        1.8335295
   5.4177127e+08       -676299.22        16946.173        3381.6652      -0.86600363       -13.998014        1.8325470
   5.4177127e+08       -676299.22        16946.173        3381.6652      -0.79492852       -14.096987        1.8315485
   5.4177127e+08       -676299.22        16946.173        3381.6652      -0.70774605       -14.182114        1.8305643
   5.4177127e+08       -676299.22        16946.173        3381.6652      -0.60710545       -14.250808        1.8296245
   5.4177127e+08       -676299.22        16946.173        3381.6652      -0.49606453       -14.300982        1.8287575
   5.4177127e+08       -676299.22        16946.173        3381.6652      -0.37799722       -14.331112        1.8279896
   5.4177127e+08       -676299.22        16946.173        3381.6652      -0.25649091       -14.340282        1.8273442
   5.4177127e+08       -676299.22        16946.173        3381.6652      -0.13523753       -14.328213        1.8268410
   5.4177127e+08       -676299.22        16946.173        3381.6652     -0.017921287       -14.295273        1.8264952
   5.4177127e+08       -676299.22        16946.173        3381.6652      0.091893220       -14.242461        1.8263172
   5.4177127e+08       -676299.22        16946.173        3381.6652       0.19086934       -14.171384        1.8263126
   5.4177127e+08       -676299.22        16946.173        3381.6652       0.27599993       -14.084199        1.8264814
   5.4177127e+08       -676299.22        16946.173        3381.6652       0.34469790       -13.983558        1.8268186
   5.4177127e+08       -676299.22        16946.173        3381.6652       0.39487614       -13.872516        1.8273138
   5.4177127e+08       -676299.22        16946.173        3381.6652       0.42501000       -13.754449        1.8279521
   5.4177127e+08       -676299.22        16946.173        3381.6652      0.090519382       -13.637665        1.9225501
   5.4177127e+08       -676299.22        16946.173        3381.6652      0.084393952       -13.576104        1.9229879
   5.4177127e+08       -676299.22        16946.173        3381.6652      0.067671462       -13.516542        1.9234635
   5.4177127e+08       -676299.22        16946.173        3381.6652      0.040860018       -13.460789        1.9239623
   5.4177127e+08       -676299.22        16946.173        3381.6652     0.0047742707       -13.410539        1.9244693
   5.4177127e+08       -676299.22        16946.173        3381.6652     -0.039489315       -13.367319        1.9249689
   5.4177127e+08       -676299.22        16946.173        3381.6652     -0.090585861       -13.332442        1.9254461
   5.4177127e+08       -676299.22        16946.173        3381.6652      -0.14696275       -13.306968        1.9258863
   5.4177127e+08       -676299.22        16946.173        3381.6652      -0.20690709       -13.291671        1.9262762
   5.4177127e+08       -676299.22        16946.173        3381.6652      -0.26859740       -13.287015        1.9266038
   5.4177127e+08       -676299.22        16946.173        3381.6652      -0.33015931       -13.293142        1.9268593
   5.4177127e+08       -676299.22        16946.173        3381.6652      -0.38972233       -13.309867        1.9270349
   5.4177127e+08       -676299.22        16946.173        3381.6652      -0.44547661       -13.336680        1.9271253
   5.4177127e+08       -676299.22        16946.173        3381.6652      -0.49572806       -13.372767        1.9271276
   5.4177127e+08       -676299.22        16946.173        3381.6652      -0.53894986       -13.417031        1.9270419
   5.4177127e+08       -676299.22        16946.173        3381.6652      -0.57382873       -13.468128        1.9268707
   5.4177127e+08       -676299.22        16946.173        3381.6652      -0.59930493       -13.524505        1.9266193
   5.4177127e+08       -676299.22        16946.173        3381.6652      -0.61460430       -13.584450        1.9262952
   5.4177127e+08       -676299.22        16946.173        3381.6652      -0.61926203       -13.646139        1.9259084
   5.4177127e+08       -676299.22        16946.173        3381.6652      -0.61313658       -13.707700        1.9254705
   5.4177127e+08       -676299.22        16946.173        3381.6652      -0.59641408       -13.767262        1.9249950
   5.4177127e+08       -676299.22        16946.173        3381.6652      -0.56960259       -13.823015        1.9244961
   5.4177127e+08       -676299.22        16946.173        3381.6652      -0.53351684       -13.873265        1.9239892
   5.4177127e+08       -676299.22        16946.173        3381.6652      -0.48925318       -13.916485        1.9234895
   5.4177127e+08       -676299.22        16946.173        3381.6652      -0.43815665       -13.951362        1.9230123
   5.4177127e+08       -676299.22        16946.173        3381.6652      -0.38177974       -13.976836        1.9225721
   5.4177127e+08       -676299.22        16946.173        3381.6652      -0.32183544       -13.992133        1.9221823
   5.4177127e+08       -676299.22        16946.173        3381.6652      -0.26014513       -13.996789        1.9218546
   5.4177127e+08       -676299.22        16946.173        3381.6652      -0.19858322       -13.990662        1.9215991
   5.4177127e+08       -676299.22        16946.173        3381.6652      -0.13902025       -13.973937        1.9214235
   5.4177127e+08       -676299.22        16946.173        3381.6652     -0.083266009       -13.947124        1.9213332
   5.4177127e+08       -676299.22        16946.173        3381.6652     -0.033014559       -13.911037        1.9213309
   5.4177127e+08       -676299.22        16946.173        3381.6652      0.010207343       -13.866773        1.9214166
   5.4177127e+08       -676299.22        16946.173        3381.6652      0.045086187       -13.815676        1.9215878
   5.4177127e+08       -676299.22        16946.173        3381.6652      0.070562324       -13.759298        1.9218392
   5.4177127e+08       -676299.22        16946.173        3381.6652      0.085861676       -13.699354        1.9221633
   5.4177127e+08       -676299.22        16946.173        3381.6652      -0.26422228       -13.642108        1.9552796
   5.4177127e+08       -676299.22        16946.173        3381.6652      -0.26422228       -13.642108        1.9552796
   5.4177127e+08       -676299.22        16946.173        3381.6652      -0.26422226       -13.642108        1.9552796
   5.4177127e+08       -676299.22        16946.173        3381.6652      -0.26422224       -13.642108        1.9552796
   5.4177127e+08       -676299.22        16946.173        3381.6652      -0.26422220       -13.642108        1.9552796
   5.4177127e+08       -676299.22        16946.173        3381.6652      -0.26422216       -13.642108        1.9552796
   5.4177127e+08       -676299.22        16946.173        3381.6652      -0.26422211       -13.642108        1.9552796
   5.4177127e+08       -676299.22        16946.173        3381.6652      -0.26422206       -13.642108        1.9552796
   5.4177127e+08       -676299.22        16946.173        3381.6652      -0.26422200       -13.642108        1.9552796
   5.4177127e+08       -676299.22        16946.173        3381.6652      -0.26422195       -13.642108        1.9552796
   5.4177127e+08       -676299.22        16946.173        3381.6652      -0.26422189       -13.642108        1.9552796
   5.4177127e+08       -676299.22        16946.173        3381.6652      -0.26422183       -13.642108        1.9552796
   5.4177127e+08       -676299.22        16946.173        3381.6652      -0.26422178       -13.642108        1.9552796
   5.4177127e+08       -676299.22        16946.173        3381.6652      -0.26422173       -13.642108        1.9552796
   5.4177127e+08       -676299.22        16946.173        3381.6652      -0.26422169       -13.642108        1.9552796
   5.4177127e+08       -676299.22        16946.173        3381.6652      -0.26422166       -13.642108        1.9552796
   5.4177127e+08       -676299.22        16946.173        3381.6652      -0.26422164       -13.642108        1.9552796
   5.4177127e+08       -676299.22        16946.173        3381.6652      -0.26422162       -13.642108        1.9552796
   5.4177127e+08       -676299.22        16946.173        3381.6652      -0.26422162       -13.642108        1.9552796
   5.4177127e+08       -676299.22        16946.173        3381.6652      -0.26422162       -13.642108        1.9552796
   5.4177127e+08       -676299.22        16946.173        3381.6652      -0.26422164       -13.642108        1.9552796
   5.4177127e+08       -676299.22        16946.173        3381.6652      -0.26422166       -13.642108        1.9552796
   5.4177127e+08       -676299.22        16946.173        3381.6652      -0.26422170       -13.642108        1.9552796
   5.4177127e+08       -676299.22        16946.173        3381.6652      -0.26422174       -13.642108        1.9552796
   5.4177127e+08       -676299.22        16946.173        3381.6652      -0.26422179       -13.642108        1.9552796
   5.4177127e+08       -676299.22        16946.173        3381.6652      -0.26422184       -13.642108        1.9552796
   5.4177127e+08       -676299.22        16946.173        3381.6652      -0.26422190       -13.642108        1.9552796
   5.4177127e+08       -676299.22        16946.173        3381.6652      -0.26422195       -13.642108        1.9552796
   5.4177127e+08       -676299.22        16946.173        3381.6652      -0.26422201       -13.642108        1.9552796
   5.4177127e+08       -676299.22        16946.173        3381.6652      -0.26422207       -13.642108        1.9552796
   5.4177127e+08       -676299.22        16946.173        3381.6652      -0.26422212       -13.642108        1.9552796
   5.4177127e+08       -676299.22        16946.173        3381.6652      -0.26422217       -13.642108        1.9552796
   5.4177127e+08       -676299.22        16946.173        3381.6652      -0.26422221       -13.642108        1.9552796
   5.4177127e+08       -676299.22        16946.173        3381.6652      -0.26422224       -13.642108        1.9552796
   5.4177127e+08       -676299.22        16946.173        3381.6652      -0.26422226       -13.642108        1.9552796
   5.4177127e+08       -676299.22        16946.173        3381.6652      -0.26422228       -13.642108        1.9552796
