   5.3650087e+08        1816543.5       -504660.85       -6904.8008        2.2422608        7.8856812       -2.4462425
   5.3650087e+08        1816543.5       -504660.85       -6904.8008        2.2422608        7.8856812       -2.4462425
   5.3650087e+08        1816543.5       -504660.85       -6904.8008        2.2422608        7.8856813       -2.4462425
   5.3650087e+08        1816543.5       -504660.85       -6904.8008        2.2422608        7.8856814       -2.4462425
   5.3650087e+08        1816543.5       -504660.85       -6904.8008        2.2422608        7.8856815       -2.4462425
   5.3650087e+08        1816543.5       -504660.85       -6904.8008        2.2422607        7.8856815       -2.4462425
   5.3650087e+08        1816543.5       -504660.85       -6904.8008        2.2422607        7.8856816       -2.4462425
   5.3650087e+08        1816543.5       -504660.85       -6904.8008        2.2422606        7.8856816       -2.4462425
   5.3650087e+08        1816543.5       -504660.85       -6904.8008        2.2422606        7.8856817       -2.4462425
   5.3650087e+08        1816543.5       -504660.85       -6904.8008        2.2422605        7.8856817       -2.4462425
   5.3650087e+08        1816543.5       -504660.85       -6904.8008        2.2422604        7.8856817       -2.4462425
   5.3650087e+08        1816543.5       -504660.85       -6904.8008        2.2422604        7.8856817       -2.4462425
   5.3650087e+08        1816543.5       -504660.85       -6904.8008        2.2422603        7.8856817       -2.4462425
   5.3650087e+08        1816543.5       -504660.85       -6904.8008        2.2422602        7.8856817       -2.4462425
   5.3650087e+08        1816543.5       -504660.85       -6904.8008        2.2422602        7.8856816       -2.4462425
   5.3650087e+08        1816543.5       -504660.85       -6904.8008        2.2422601        7.8856816       -2.4462425
   5.3650087e+08        1816543.5       -504660.85       -6904.8008        2.2422601        7.8856815       -2.4462425
   5.3650087e+08        1816543.5       -504660.85       -6904.8008        2.2422600        7.8856815       -2.4462425
   5.3650087e+08        1816543.5       -504660.85       -6904.8008        2.2422600        7.8856814       -2.4462425
   5.3650087e+08        1816543.5       -504660.85       -6904.8008        2.2422600        7.8856813       -2.4462425
   5.3650087e+08        1816543.5       -504660.85       -6904.8008        2.2422600        7.8856813       -2.4462425
   5.3650087e+08        1816543.5       -504660.85       -6904.8008        2.2422600        7.8856812       -2.4462425
   5.3650087e+08        1816543.5       -504660.85       -6904.8008        2.2422600        7.8856811       -2.4462425
   5.3650087e+08        1816543.5       -504660.85       -6904.8008        2.2422601        7.8856811       -2.4462425
   5.3650087e+08        1816543.5       -504660.85       -6904.8008        2.2422601        7.8856810       -2.4462425
   5.3650087e+08        1816543.5       -504660.85       -6904.8008        2.2422601        7.8856810       -2.4462425
   5.3650087e+08        1816543.5       -504660.85       -6904.8008        2.2422602        7.8856809       -2.4462425
   5.3650087e+08        1816543.5       -504660.85       -6904.8008        2.2422603        7.8856809       -2.4462425
   5.3650087e+08        1816543.5       -504660.85       -6904.8008        2.2422603        7.8856809       -2.4462425
   5.3650087e+08        1816543.5       -504660.85       -6904.8008        2.2422604        7.8856809       -2.4462425
   5.3650087e+08        1816543.5       -504660.85       -6904.8008        2.2422605        7.8856809       -2.4462425
   5.3650087e+08        1816543.5       -504660.85       -6904.8008        2.2422605        7.8856809       -2.4462425
   5.3650087e+08        1816543.5       -504660.85       -6904.8008        2.2422606        7.8856810       -2.4462425
   5.3650087e+08        1816543.5       -504660.85       -6904.8008        2.2422607        7.8856810       -2.4462425
   5.3650087e+08        1816543.5       -504660.85       -6904.8008        2.2422607        7.8856811       -2.4462425
   5.3650087e+08        1816543.5       -504660.85       -6904.8008        2.2422607        7.8856811       -2.4462425
   5.3650087e+08        1816543.5       -504660.85       -6904.8008        1.8334072        8.0122705       -2.4071691
   5.3650087e+08        1816543.5       -504660.85       -6904.8008        1.8176167        7.9393294       -2.4073566
   5.3650087e+08        1816543.5       -504660.85       -6904.8008        1.8147322        7.8647547       -2.4075876
   5.3650087e+08        1816543.5       -504660.85       -6904.8008        1.8248412        7.7908122       -2.4078549
   5.3650087e+08        1816543.5       -504660.85       -6904.8008        1.8476368        7.7197485       -2.4081504
   5.3650087e+08        1816543.5       -504660.85       -6904.8008        1.8824261        7.6537230       -2.4084653
   5.3650087e+08        1816543.5       -504660.85       -6904.8008        1.9281522        7.5947418       -2.4087898
   5.3650087e+08        1816543.5       -504660.85       -6904.8008        1.9834256        7.5445969       -2.4091143
   5.3650087e+08        1816543.5       -504660.85       -6904.8008        2.0465670        7.5048121       -2.4094287
   5.3650087e+08        1816543.5       -504660.85       -6904.8008        2.1156578        7.4765962       -2.4097235
   5.3650087e+08        1816543.5       -504660.85       -6904.8008        2.1885987        7.4608064       -2.4099898
   5.3650087e+08        1816543.5       -504660.85       -6904.8008        2.2631735        7.4579226       -2.4102196
   5.3650087e+08        1816543.5       -504660.85       -6904.8008        2.3371162        7.4680324       -2.4104057
   5.3650087e+08        1816543.5       -504660.85       -6904.8008        2.4081801        7.4908286       -2.4105426
   5.3650087e+08        1816543.5       -504660.85       -6904.8008        2.4742060        7.5256185       -2.4106260
   5.3650087e+08        1816543.5       -504660.85       -6904.8008        2.5331877        7.5713451       -2.4106536
   5.3650087e+08        1816543.5       -504660.85       -6904.8008        2.5833331        7.6266190       -2.4106243
   5.3650087e+08        1816543.5       -504660.85       -6904.8008        2.6231185        7.6897607       -2.4105392
   5.3650087e+08        1816543.5       -504660.85       -6904.8008        2.6513351        7.7588517       -2.4104008
   5.3650087e+08        1816543.5       -504660.85       -6904.8008        2.6671256        7.8317927       -2.4102133
   5.3650087e+08        1816543.5       -504660.85       -6904.8008        2.6700101        7.9063674       -2.4099823
   5.3650087e+08        1816543.5       -504660.85       -6904.8008        2.6599010        7.9803100       -2.4097150
   5.3650087e+08        1816543.5       -504660.85       -6904.8008        2.6371054        8.0513737       -2.4094195
   5.3650087e+08        1816543.5       -504660.85       -6904.8008        2.6023160        8.1173992       -2.4091046
   5.3650087e+08        1816543.5       -504660.85       -6904.8008        2.5565900        8.1763804       -2.4087800
   5.3650087e+08        1816543.5       -504660.85       -6904.8008        2.5013165        8.2265252       -2.4084556
   5.3650087e+08        1816543.5       -504660.85       -6904.8008        2.4381751        8.2663100       -2.4081412
   5.3650087e+08        1816543.5       -504660.85       -6904.8008        2.3690843        8.2945259       -2.4078464
   5.3650087e+08        1816543.5       -504660.85       -6904.8008        2.2961434        8.3103157       -2.4075801
   5.3650087e+08        1816543.5       -504660.85       -6904.8008        2.2215687        8.3131994       -2.4073503
   5.3650087e+08        1816543.5       -504660.85       -6904.8008        2.1476260        8.3030896       -2.4071642
   5.3650087e+08        1816543.5       -504660.85       -6904.8008        2.0765621        8.2802935       -2.4070273
   5.3650087e+08        1816543.5       -504660.85       -6904.8008        2.0105361        8.2455034       -2.4069438
   5.3650087e+08        1816543.5       -504660.85       -6904.8008        1.9515544        8.1997768       -2.4069163
   5.3650087e+08        1816543.5       -504660.85       -6904.8008        1.9014091        8.1445029       -2.4069455
   5.3650087e+08        1816543.5       -504660.85       -6904.8008        1.8616237        8.0813612       -2.4070307
   5.3650087e+08        1816543.5       -504660.85       -6904.8008        1.4371976        8.1347729       -2.2943676
   5.3650087e+08        1816543.5       -504660.85       -6904.8008        1.4060964        7.9911071       -2.2947369
   5.3650087e+08        1816543.5       -504660.85       -6904.8008        1.4004150        7.8442234       -2.2951917
   5.3650087e+08        1816543.5       -504660.85       -6904.8008        1.4203260        7.6985849       -2.2957182
   5.3650087e+08        1816543.5       -504660.85       -6904.8008        1.4652244        7.5586167       -2.2963004
   5.3650087e+08        1816543.5       -504660.85       -6904.8008        1.5337460        7.4285717       -2.2969205
   5.3650087e+08        1816543.5       -504660.85       -6904.8008        1.6238089        7.3124012       -2.2975598
   5.3650087e+08        1816543.5       -504660.85       -6904.8008        1.7326764        7.2136351       -2.2981988
   5.3650087e+08        1816543.5       -504660.85       -6904.8008        1.8570408        7.1352743       -2.2988180
   5.3650087e+08        1816543.5       -504660.85       -6904.8008        1.9931232        7.0796997       -2.2993987
   5.3650087e+08        1816543.5       -504660.85       -6904.8008        2.1367888        7.0485999       -2.2999233
   5.3650087e+08        1816543.5       -504660.85       -6904.8008        2.2836726        7.0429199       -2.3003758
   5.3650087e+08        1816543.5       -504660.85       -6904.8008        2.4293115        7.0628323       -2.3007424
   5.3650087e+08        1816543.5       -504660.85       -6904.8008        2.5692801        7.1077321       -2.3010120
   5.3650087e+08        1816543.5       -504660.85       -6904.8008        2.6993258        7.1762549       -2.3011764
   5.3650087e+08        1816543.5       -504660.85       -6904.8008        2.8154972        7.2663187       -2.3012306
   5.3650087e+08        1816543.5       -504660.85       -6904.8008        2.9142645        7.3751873       -2.3011731
   5.3650087e+08        1816543.5       -504660.85       -6904.8008        2.9926265        7.4995523       -2.3010054
   5.3650087e+08        1816543.5       -504660.85       -6904.8008        3.0482024        7.6356351       -2.3007327
   5.3650087e+08        1816543.5       -504660.85       -6904.8008        3.0793036        7.7793009       -2.3003634
   5.3650087e+08        1816543.5       -504660.85       -6904.8008        3.0849849        7.9261845       -2.2999085
   5.3650087e+08        1816543.5       -504660.85       -6904.8008        3.0650739        8.0718232       -2.2993820
   5.3650087e+08        1816543.5       -504660.85       -6904.8008        3.0201754        8.2117913       -2.2987999
   5.3650087e+08        1816543.5       -504660.85       -6904.8008        2.9516536        8.3418364       -2.2981797
   5.3650087e+08        1816543.5       -504660.85       -6904.8008        2.8615908        8.4580067       -2.2975405
   5.3650087e+08        1816543.5       -504660.85       -6904.8008        2.7527232        8.5567728       -2.2969015
   5.3650087e+08        1816543.5       -504660.85       -6904.8008        2.6283589        8.6351336       -2.2962823
   5.3650087e+08        1816543.5       -504660.85       -6904.8008        2.4922765        8.6907081       -2.2957015
   5.3650087e+08        1816543.5       -504660.85       -6904.8008        2.3486108        8.7218078       -2.2951770
   5.3650087e+08        1816543.5       -504660.85       -6904.8008        2.2017271        8.7274878       -2.2947245
   5.3650087e+08        1816543.5       -504660.85       -6904.8008        2.0560884        8.7075754       -2.2943579
   5.3650087e+08        1816543.5       -504660.85       -6904.8008        1.9161197        8.6626756       -2.2940883
   5.3650087e+08        1816543.5       -504660.85       -6904.8008        1.7860737        8.5941526       -2.2939239
   5.3650087e+08        1816543.5       -504660.85       -6904.8008        1.6699024        8.5040886       -2.2938696
   5.3650087e+08        1816543.5       -504660.85       -6904.8008        1.5711353        8.3952202       -2.2939272
   5.3650087e+08        1816543.5       -504660.85       -6904.8008        1.4927733        8.2708552       -2.2940949
   5.3650087e+08        1816543.5       -504660.85       -6904.8008        1.0656711        8.2494662       -2.1112654
   5.3650087e+08        1816543.5       -504660.85       -6904.8008        1.0202042        8.0394408       -2.1118054
   5.3650087e+08        1816543.5       -504660.85       -6904.8008        1.0118985        7.8247112       -2.1124703
   5.3650087e+08        1816543.5       -504660.85       -6904.8008        1.0410065        7.6118019       -2.1132400
   5.3650087e+08        1816543.5       -504660.85       -6904.8008        1.1066436        7.4071821       -2.1140911
   5.3650087e+08        1816543.5       -504660.85       -6904.8008        1.2068155        7.2170691       -2.1149976
   5.3650087e+08        1816543.5       -504660.85       -6904.8008        1.3384787        7.0472392       -2.1159322
   5.3650087e+08        1816543.5       -504660.85       -6904.8008        1.4976323        6.9028528       -2.1168663
   5.3650087e+08        1816543.5       -504660.85       -6904.8008        1.6794409        6.7882969       -2.1177716
   5.3650087e+08        1816543.5       -504660.85       -6904.8008        1.8783800        6.7070522       -2.1186205
   5.3650087e+08        1816543.5       -504660.85       -6904.8008        2.0884052        6.6615874       -2.1193874
   5.3650087e+08        1816543.5       -504660.85       -6904.8008        2.3031349        6.6532838       -2.1200489
   5.3650087e+08        1816543.5       -504660.85       -6904.8008        2.5160447        6.6823938       -2.1205848
   5.3650087e+08        1816543.5       -504660.85       -6904.8008        2.7206652        6.7480329       -2.1209789
   5.3650087e+08        1816543.5       -504660.85       -6904.8008        2.9107793        6.8482065       -2.1212193
   5.3650087e+08        1816543.5       -504660.85       -6904.8008        3.0806105        6.9798711       -2.1212986
   5.3650087e+08        1816543.5       -504660.85       -6904.8008        3.2249986        7.1390262       -2.1212144
   5.3650087e+08        1816543.5       -504660.85       -6904.8008        3.3395563        7.3208357       -2.1209693
   5.3650087e+08        1816543.5       -504660.85       -6904.8008        3.4208028        7.5197755       -2.1205707
   5.3650087e+08        1816543.5       -504660.85       -6904.8008        3.4662696        7.7298008       -2.1200307
   5.3650087e+08        1816543.5       -504660.85       -6904.8008        3.4745752        7.9445304       -2.1193658
   5.3650087e+08        1816543.5       -504660.85       -6904.8008        3.4454672        8.1574398       -2.1185961
   5.3650087e+08        1816543.5       -504660.85       -6904.8008        3.3798300        8.3620595       -2.1177451
   5.3650087e+08        1816543.5       -504660.85       -6904.8008        3.2796579        8.5521728       -2.1168385
   5.3650087e+08        1816543.5       -504660.85       -6904.8008        3.1479948        8.7220025       -2.1159040
   5.3650087e+08        1816543.5       -504660.85       -6904.8008        2.9888410        8.8663888       -2.1149698
   5.3650087e+08        1816543.5       -504660.85       -6904.8008        2.8070325        8.9809446       -2.1140646
   5.3650087e+08        1816543.5       -504660.85       -6904.8008        2.6080934        9.0621892       -2.1132156
   5.3650087e+08        1816543.5       -504660.85       -6904.8008        2.3980682        9.1076539       -2.1124487
   5.3650087e+08        1816543.5       -504660.85       -6904.8008        2.1833386        9.1159574       -2.1117873
   5.3650087e+08        1816543.5       -504660.85       -6904.8008        1.9704290        9.0868474       -2.1112513
   5.3650087e+08        1816543.5       -504660.85       -6904.8008        1.7658085        9.0212084       -2.1108572
   5.3650087e+08        1816543.5       -504660.85       -6904.8008        1.5756939        8.9210344       -2.1106168
   5.3650087e+08        1816543.5       -504660.85       -6904.8008        1.4058628        8.7893697       -2.1105375
   5.3650087e+08        1816543.5       -504660.85       -6904.8008        1.2614749        8.6302147       -2.1106217
   5.3650087e+08        1816543.5       -504660.85       -6904.8008        1.1469173        8.4484052       -2.1108668
   5.3650087e+08        1816543.5       -504660.85       -6904.8008       0.73011595        8.3528656       -1.8634260
   5.3650087e+08        1816543.5       -504660.85       -6904.8008       0.67166483        8.0828621       -1.8641201
   5.3650087e+08        1816543.5       -504660.85       -6904.8008       0.66098728        7.8068110       -1.8649749
   5.3650087e+08        1816543.5       -504660.85       -6904.8008       0.69840775        7.5331001       -1.8659644
   5.3650087e+08        1816543.5       -504660.85       -6904.8008       0.78278922        7.2700459       -1.8670585
   5.3650087e+08        1816543.5       -504660.85       -6904.8008       0.91156776        7.0256413       -1.8682240
   5.3650087e+08        1816543.5       -504660.85       -6904.8008        1.0808306        6.8073121       -1.8694254
   5.3650087e+08        1816543.5       -504660.85       -6904.8008        1.2854347        6.6216925       -1.8706263
   5.3650087e+08        1816543.5       -504660.85       -6904.8008        1.5191634        6.4744222       -1.8717901
   5.3650087e+08        1816543.5       -504660.85       -6904.8008        1.7749146        6.3699761       -1.8728815
   5.3650087e+08        1816543.5       -504660.85       -6904.8008        2.0449178        6.3115276       -1.8738674
   5.3650087e+08        1816543.5       -504660.85       -6904.8008        2.3209691        6.3008528       -1.8747177
   5.3650087e+08        1816543.5       -504660.85       -6904.8008        2.5946806        6.3382759       -1.8754067
   5.3650087e+08        1816543.5       -504660.85       -6904.8008        2.8577357        6.4226598       -1.8759134
   5.3650087e+08        1816543.5       -504660.85       -6904.8008        3.1021417        6.5514406       -1.8762224
   5.3650087e+08        1816543.5       -504660.85       -6904.8008        3.3204725        6.7207053       -1.8763243
   5.3650087e+08        1816543.5       -504660.85       -6904.8008        3.5060944        6.9253113       -1.8762161
   5.3650087e+08        1816543.5       -504660.85       -6904.8008        3.6533669        7.1590410       -1.8759010
   5.3650087e+08        1816543.5       -504660.85       -6904.8008        3.7578155        7.4147931       -1.8753886
   5.3650087e+08        1816543.5       -504660.85       -6904.8008        3.8162665        7.6847966       -1.8746944
   5.3650087e+08        1816543.5       -504660.85       -6904.8008        3.8269440        7.9608476       -1.8738396
   5.3650087e+08        1816543.5       -504660.85       -6904.8008        3.7895234        8.2345588       -1.8728501
   5.3650087e+08        1816543.5       -504660.85       -6904.8008        3.7051419        8.4976128       -1.8717560
   5.3650087e+08        1816543.5       -504660.85       -6904.8008        3.5763630        8.7420177       -1.8705905
   5.3650087e+08        1816543.5       -504660.85       -6904.8008        3.4071001        8.9603467       -1.8693891
   5.3650087e+08        1816543.5       -504660.85       -6904.8008        3.2024960        9.1459662       -1.8681883
   5.3650087e+08        1816543.5       -504660.85       -6904.8008        2.9687675        9.2932363       -1.8670244
   5.3650087e+08        1816543.5       -504660.85       -6904.8008        2.7130162        9.3976823       -1.8659330
   5.3650087e+08        1816543.5       -504660.85       -6904.8008        2.4430130        9.4561307       -1.8649472
   5.3650087e+08        1816543.5       -504660.85       -6904.8008        2.1669619        9.4668055       -1.8640968
   5.3650087e+08        1816543.5       -504660.85       -6904.8008        1.8932505        9.4293824       -1.8634078
   5.3650087e+08        1816543.5       -504660.85       -6904.8008        1.6301954        9.3449984       -1.8629011
   5.3650087e+08        1816543.5       -504660.85       -6904.8008        1.3857888        9.2162172       -1.8625921
   5.3650087e+08        1816543.5       -504660.85       -6904.8008        1.1674581        9.0469523       -1.8624902
   5.3650087e+08        1816543.5       -504660.85       -6904.8008       0.98183655        8.8423466       -1.8625984
   5.3650087e+08        1816543.5       -504660.85       -6904.8008       0.83456413        8.6086168       -1.8629135
   5.3650087e+08        1816543.5       -504660.85       -6904.8008       0.44072824        8.4418293       -1.5583799
   5.3650087e+08        1816543.5       -504660.85       -6904.8008       0.37106890        8.1200516       -1.5592072
   5.3650087e+08        1816543.5       -504660.85       -6904.8008       0.35834390        7.7910667       -1.5602259
   5.3650087e+08        1816543.5       -504660.85       -6904.8008       0.40293987        7.4648707       -1.5614052
   5.3650087e+08        1816543.5       -504660.85       -6904.8008       0.50350180        7.1513749       -1.5627091
   5.3650087e+08        1816543.5       -504660.85       -6904.8008       0.65697408        6.8601049       -1.5640980
   5.3650087e+08        1816543.5       -504660.85       -6904.8008       0.85869374        6.5999103       -1.5655298
   5.3650087e+08        1816543.5       -504660.85       -6904.8008        1.1025313        6.3786975       -1.5669609
   5.3650087e+08        1816543.5       -504660.85       -6904.8008        1.3810783        6.2031876       -1.5683479
   5.3650087e+08        1816543.5       -504660.85       -6904.8008        1.6858708        6.0787136       -1.5696486
   5.3650087e+08        1816543.5       -504660.85       -6904.8008        2.0076480        6.0090574       -1.5708235
   5.3650087e+08        1816543.5       -504660.85       -6904.8008        2.3366331        5.9963356       -1.5718369
   5.3650087e+08        1816543.5       -504660.85       -6904.8008        2.6628299        6.0409347       -1.5726580
   5.3650087e+08        1816543.5       -504660.85       -6904.8008        2.9763267        6.1414995       -1.5732619
   5.3650087e+08        1816543.5       -504660.85       -6904.8008        3.2675985        6.2949745       -1.5736302
   5.3650087e+08        1816543.5       -504660.85       -6904.8008        3.5277950        6.4966964       -1.5737516
   5.3650087e+08        1816543.5       -504660.85       -6904.8008        3.7490105        6.7405362       -1.5736227
   5.3650087e+08        1816543.5       -504660.85       -6904.8008        3.9245231        7.0190845       -1.5732471
   5.3650087e+08        1816543.5       -504660.85       -6904.8008        4.0490000        7.3238780       -1.5726364
   5.3650087e+08        1816543.5       -504660.85       -6904.8008        4.1186592        7.6456556       -1.5718091
   5.3650087e+08        1816543.5       -504660.85       -6904.8008        4.1313841        7.9746403       -1.5707904
   5.3650087e+08        1816543.5       -504660.85       -6904.8008        4.0867880        8.3008366       -1.5696112
   5.3650087e+08        1816543.5       -504660.85       -6904.8008        3.9862260        8.6143323       -1.5683073
   5.3650087e+08        1816543.5       -504660.85       -6904.8008        3.8327534        8.9056027       -1.5669184
   5.3650087e+08        1816543.5       -504660.85       -6904.8008        3.6310338        9.1657970       -1.5654866
   5.3650087e+08        1816543.5       -504660.85       -6904.8008        3.3871961        9.3870097       -1.5640554
   5.3650087e+08        1816543.5       -504660.85       -6904.8008        3.1086492        9.5625194       -1.5626684
   5.3650087e+08        1816543.5       -504660.85       -6904.8008        2.8038567        9.6869933       -1.5613677
   5.3650087e+08        1816543.5       -504660.85       -6904.8008        2.4820794        9.7566493       -1.5601928
   5.3650087e+08        1816543.5       -504660.85       -6904.8008        2.1530945        9.7693711       -1.5591794
   5.3650087e+08        1816543.5       -504660.85       -6904.8008        1.8268980        9.7247719       -1.5583583
   5.3650087e+08        1816543.5       -504660.85       -6904.8008        1.5134012        9.6242071       -1.5577545
   5.3650087e+08        1816543.5       -504660.85       -6904.8008        1.2221287        9.4707316       -1.5573862
   5.3650087e+08        1816543.5       -504660.85       -6904.8008       0.96193231        9.2690096       -1.5572647
   5.3650087e+08        1816543.5       -504660.85       -6904.8008       0.74071716        9.0251699       -1.5573937
   5.3650087e+08        1816543.5       -504660.85       -6904.8008       0.56520473        8.7466216       -1.5577693
   5.3650087e+08        1816543.5       -504660.85       -6904.8008       0.20630054        8.5136541       -1.2053958
   5.3650087e+08        1816543.5       -504660.85       -6904.8008       0.12754955        8.1498793       -1.2063310
   5.3650087e+08        1816543.5       -504660.85       -6904.8008       0.11316374        7.7779567       -1.2074827
   5.3650087e+08        1816543.5       -504660.85       -6904.8008       0.16358019        7.4091869       -1.2088158
   5.3650087e+08        1816543.5       -504660.85       -6904.8008       0.27726705        7.0547750       -1.2102899
   5.3650087e+08        1816543.5       -504660.85       -6904.8008       0.45076991        6.7254895       -1.2118601
   5.3650087e+08        1816543.5       -504660.85       -6904.8008       0.67881719        6.4313354       -1.2134788
   5.3650087e+08        1816543.5       -504660.85       -6904.8008       0.95447948        6.1812508       -1.2150967
   5.3650087e+08        1816543.5       -504660.85       -6904.8008        1.2693813        5.9828340       -1.2166647
   5.3650087e+08        1816543.5       -504660.85       -6904.8008        1.6139540        5.8421142       -1.2181352
   5.3650087e+08        1816543.5       -504660.85       -6904.8008        1.9777283        5.7633668       -1.2194635
   5.3650087e+08        1816543.5       -504660.85       -6904.8008        2.3496512        5.7489845       -1.2206091
   5.3650087e+08        1816543.5       -504660.85       -6904.8008        2.7184218        5.7994046       -1.2215374
   5.3650087e+08        1816543.5       -504660.85       -6904.8008        3.0728350        5.9130947       -1.2222201
   5.3650087e+08        1816543.5       -504660.85       -6904.8008        3.4021224        6.0866006       -1.2226364
   5.3650087e+08        1816543.5       -504660.85       -6904.8008        3.6962786        6.3146504       -1.2227737
   5.3650087e+08        1816543.5       -504660.85       -6904.8008        3.9463663        6.5903152       -1.2226279
   5.3650087e+08        1816543.5       -504660.85       -6904.8008        4.1447860        6.9052185       -1.2222033
   5.3650087e+08        1816543.5       -504660.85       -6904.8008        4.2855092        7.2497924       -1.2215130
   5.3650087e+08        1816543.5       -504660.85       -6904.8008        4.3642601        7.6135671       -1.2205777
   5.3650087e+08        1816543.5       -504660.85       -6904.8008        4.3786458        7.9854896       -1.2194260
   5.3650087e+08        1816543.5       -504660.85       -6904.8008        4.3282292        8.3542597       -1.2180929
   5.3650087e+08        1816543.5       -504660.85       -6904.8008        4.2145422        8.7086715       -1.2166188
   5.3650087e+08        1816543.5       -504660.85       -6904.8008        4.0410390        9.0379573       -1.2150486
   5.3650087e+08        1816543.5       -504660.85       -6904.8008        3.8129917        9.3321111       -1.2134299
   5.3650087e+08        1816543.5       -504660.85       -6904.8008        3.5373293        9.5821956       -1.2118120
   5.3650087e+08        1816543.5       -504660.85       -6904.8008        3.2224277        9.7806121       -1.2102440
   5.3650087e+08        1816543.5       -504660.85       -6904.8008        2.8778549        9.9213319       -1.2087735
   5.3650087e+08        1816543.5       -504660.85       -6904.8008        2.5140806        10.000079       -1.2074453
   5.3650087e+08        1816543.5       -504660.85       -6904.8008        2.1421579        10.014461       -1.2062996
   5.3650087e+08        1816543.5       -504660.85       -6904.8008        1.7733875        9.9640412       -1.2053713
   5.3650087e+08        1816543.5       -504660.85       -6904.8008        1.4189744        9.8503510       -1.2046887
   5.3650087e+08        1816543.5       -504660.85       -6904.8008        1.0896862        9.6768445       -1.2042723
   5.3650087e+08        1816543.5       -504660.85       -6904.8008       0.79553005        9.4487946       -1.2041350
   5.3650087e+08        1816543.5       -504660.85       -6904.8008       0.54544279        9.1731300       -1.2042808
   5.3650087e+08        1816543.5       -504660.85       -6904.8008       0.34702319        8.8582267       -1.2047054
   5.3650087e+08        1816543.5       -504660.85       -6904.8008      0.033955939        8.5661578      -0.81519880
   5.3650087e+08        1816543.5       -504660.85       -6904.8008     -0.051493892        8.1714390      -0.81621360
   5.3650087e+08        1816543.5       -504660.85       -6904.8008     -0.067103419        7.7678792      -0.81746326
   5.3650087e+08        1816543.5       -504660.85       -6904.8008     -0.012398356        7.3677406      -0.81890979
   5.3650087e+08        1816543.5       -504660.85       -6904.8008       0.11095911        6.9831811      -0.82050925
   5.3650087e+08        1816543.5       -504660.85       -6904.8008       0.29922075        6.6258854      -0.82221304
   5.3650087e+08        1816543.5       -504660.85       -6904.8008       0.54666656        6.3067095      -0.82396939
   5.3650087e+08        1816543.5       -504660.85       -6904.8008       0.84577767        6.0353518      -0.82572494
   5.3650087e+08        1816543.5       -504660.85       -6904.8008        1.1874662        5.8200570      -0.82742634
   5.3650087e+08        1816543.5       -504660.85       -6904.8008        1.5613495        5.6673670      -0.82902189
   5.3650087e+08        1816543.5       -504660.85       -6904.8008        1.9560677        5.5819211      -0.83046312
   5.3650087e+08        1816543.5       -504660.85       -6904.8008        2.3596277        5.5663154      -0.83170624
   5.3650087e+08        1816543.5       -504660.85       -6904.8008        2.7597673        5.6210244      -0.83271348
   5.3650087e+08        1816543.5       -504660.85       -6904.8008        3.1443282        5.7443854      -0.83345422
   5.3650087e+08        1816543.5       -504660.85       -6904.8008        3.5016259        5.9326504      -0.83390596
   5.3650087e+08        1816543.5       -504660.85       -6904.8008        3.8208041        6.1800989      -0.83405499
   5.3650087e+08        1816543.5       -504660.85       -6904.8008        4.0921652        6.4792128      -0.83389676
   5.3650087e+08        1816543.5       -504660.85       -6904.8008        4.3074632        6.8209028      -0.83343608
   5.3650087e+08        1816543.5       -504660.85       -6904.8008        4.4601568        7.1947874      -0.83268697
   5.3650087e+08        1816543.5       -504660.85       -6904.8008        4.5456065        7.5895061      -0.83167216
   5.3650087e+08        1816543.5       -504660.85       -6904.8008        4.5612159        7.9930657      -0.83042251
   5.3650087e+08        1816543.5       -504660.85       -6904.8008        4.5065107        8.3932047      -0.82897598
   5.3650087e+08        1816543.5       -504660.85       -6904.8008        4.3831531        8.7777640      -0.82737651
   5.3650087e+08        1816543.5       -504660.85       -6904.8008        4.1948911        9.1350601      -0.82567272
   5.3650087e+08        1816543.5       -504660.85       -6904.8008        3.9474453        9.4542357      -0.82391637
   5.3650087e+08        1816543.5       -504660.85       -6904.8008        3.6483340        9.7255932      -0.82216083
   5.3650087e+08        1816543.5       -504660.85       -6904.8008        3.3066457        9.9408878      -0.82045943
   5.3650087e+08        1816543.5       -504660.85       -6904.8008        2.9327623        10.093578      -0.81886387
   5.3650087e+08        1816543.5       -504660.85       -6904.8008        2.5380441        10.179023      -0.81742264
   5.3650087e+08        1816543.5       -504660.85       -6904.8008        2.1344843        10.194629      -0.81617953
   5.3650087e+08        1816543.5       -504660.85       -6904.8008        1.7343450        10.139920      -0.81517229
   5.3650087e+08        1816543.5       -504660.85       -6904.8008        1.3497842        10.016559      -0.81443155
   5.3650087e+08        1816543.5       -504660.85       -6904.8008       0.99248555        9.8282934      -0.81397981
   5.3650087e+08        1816543.5       -504660.85       -6904.8008       0.67330743        9.5808447      -0.81383078
   5.3650087e+08        1816543.5       -504660.85       -6904.8008       0.40194685        9.2817311      -0.81398901
   5.3650087e+08        1816543.5       -504660.85       -6904.8008       0.18664897        8.9400409      -0.81444969
   5.3650087e+08        1816543.5       -504660.85       -6904.8008     -0.071068966        8.5977450      -0.39964496
   5.3650087e+08        1816543.5       -504660.85       -6904.8008      -0.16062129        8.1840755      -0.40070848
   5.3650087e+08        1816543.5       -504660.85       -6904.8008      -0.17698024        7.7611406      -0.40201813
   5.3650087e+08        1816543.5       -504660.85       -6904.8008      -0.11964876        7.3417911      -0.40353412
   5.3650087e+08        1816543.5       -504660.85       -6904.8008     0.0096311706        6.9387687      -0.40521037
   5.3650087e+08        1816543.5       -504660.85       -6904.8008       0.20693135        6.5643191      -0.40699596
   5.3650087e+08        1816543.5       -504660.85       -6904.8008       0.46625716        6.2298194      -0.40883663
   5.3650087e+08        1816543.5       -504660.85       -6904.8008       0.77972876        5.9454336      -0.41067646
   5.3650087e+08        1816543.5       -504660.85       -6904.8008        1.1378219        5.7198024      -0.41245955
   5.3650087e+08        1816543.5       -504660.85       -6904.8008        1.5296556        5.5597817      -0.41413170
   5.3650087e+08        1816543.5       -504660.85       -6904.8008        1.9433244        5.4702335      -0.41564213
   5.3650087e+08        1816543.5       -504660.85       -6904.8008        2.3662596        5.4538786      -0.41694493
   5.3650087e+08        1816543.5       -504660.85       -6904.8008        2.7856101        5.5112141      -0.41800052
   5.3650087e+08        1816543.5       -504660.85       -6904.8008        3.1886339        5.6404978      -0.41877683
   5.3650087e+08        1816543.5       -504660.85       -6904.8008        3.5630857        5.8378014      -0.41925026
   5.3650087e+08        1816543.5       -504660.85       -6904.8008        3.8975878        6.0971301      -0.41940644
   5.3650087e+08        1816543.5       -504660.85       -6904.8008        4.1819771        6.4106046      -0.41924061
   5.3650087e+08        1816543.5       -504660.85       -6904.8008        4.4076117        6.7686994      -0.41875782
   5.3650087e+08        1816543.5       -504660.85       -6904.8008        4.5676362        7.1605343      -0.41797274
   5.3650087e+08        1816543.5       -504660.85       -6904.8008        4.6571883        7.5742037      -0.41690922
   5.3650087e+08        1816543.5       -504660.85       -6904.8008        4.6735472        7.9971384      -0.41559957
   5.3650087e+08        1816543.5       -504660.85       -6904.8008        4.6162155        8.4164883      -0.41408358
   5.3650087e+08        1816543.5       -504660.85       -6904.8008        4.4869355        8.8195105      -0.41240733
   5.3650087e+08        1816543.5       -504660.85       -6904.8008        4.2896349        9.1939606      -0.41062174
   5.3650087e+08        1816543.5       -504660.85       -6904.8008        4.0303091        9.5284599      -0.40878107
   5.3650087e+08        1816543.5       -504660.85       -6904.8008        3.7168373        9.8128455      -0.40694124
   5.3650087e+08        1816543.5       -504660.85       -6904.8008        3.3587444        10.038476      -0.40515815
   5.3650087e+08        1816543.5       -504660.85       -6904.8008        2.9669106        10.198497      -0.40348600
   5.3650087e+08        1816543.5       -504660.85       -6904.8008        2.5532418        10.288045      -0.40197557
   5.3650087e+08        1816543.5       -504660.85       -6904.8008        2.1303069        10.304400      -0.40067277
   5.3650087e+08        1816543.5       -504660.85       -6904.8008        1.7109567        10.247064      -0.39961718
   5.3650087e+08        1816543.5       -504660.85       -6904.8008        1.3079329        10.117781      -0.39884087
   5.3650087e+08        1816543.5       -504660.85       -6904.8008       0.93348016        9.9204763      -0.39836744
   5.3650087e+08        1816543.5       -504660.85       -6904.8008       0.59897813        9.6611475      -0.39821126
   5.3650087e+08        1816543.5       -504660.85       -6904.8008       0.31458939        9.3476733      -0.39837709
   5.3650087e+08        1816543.5       -504660.85       -6904.8008      0.088954936        8.9895784      -0.39885988
   5.3650087e+08        1816543.5       -504660.85       -6904.8008      -0.10558304        8.6074559      0.028639351
   5.3650087e+08        1816543.5       -504660.85       -6904.8008      -0.19651686        8.1874049      0.027559421
   5.3650087e+08        1816543.5       -504660.85       -6904.8008      -0.21312817        7.7579456      0.026229568
   5.3650087e+08        1816543.5       -504660.85       -6904.8008      -0.15491225        7.3321269      0.024690200
   5.3650087e+08        1816543.5       -504660.85       -6904.8008     -0.023637977        6.9228872      0.022988089
   5.3650087e+08        1816543.5       -504660.85       -6904.8008       0.17670588        6.5426611      0.021174953
   5.3650087e+08        1816543.5       -504660.85       -6904.8008       0.44003221        6.2030012      0.019305883
   5.3650087e+08        1816543.5       -504660.85       -6904.8008       0.75833961        5.9142284      0.017437671
   5.3650087e+08        1816543.5       -504660.85       -6904.8008        1.1219569        5.6851164      0.015627080
   5.3650087e+08        1816543.5       -504660.85       -6904.8008        1.5198353        5.5226271      0.013929126
   5.3650087e+08        1816543.5       -504660.85       -6904.8008        1.9398856        5.4316975      0.012395398
   5.3650087e+08        1816543.5       -504660.85       -6904.8008        2.3693452        5.4150903      0.011072499
   5.3650087e+08        1816543.5       -504660.85       -6904.8008        2.7951649        5.4733103      0.010000624
   5.3650087e+08        1816543.5       -504660.85       -6904.8008        3.2044060        5.6045884     0.0092123427
   5.3650087e+08        1816543.5       -504660.85       -6904.8008        3.5846343        5.8049358     0.0087316054
   5.3650087e+08        1816543.5       -504660.85       -6904.8008        3.9242967        6.0682650     0.0085730191
   5.3650087e+08        1816543.5       -504660.85       -6904.8008        4.2130731        6.3865753     0.0087414029
   5.3650087e+08        1816543.5       -504660.85       -6904.8008        4.4421885        6.7501943     0.0092316400
   5.3650087e+08        1816543.5       -504660.85       -6904.8008        4.6046816        7.1480739      0.010028835
   5.3650087e+08        1816543.5       -504660.85       -6904.8008        4.6956153        7.5681248      0.011108765
   5.3650087e+08        1816543.5       -504660.85       -6904.8008        4.7122265        7.9975840      0.012438618
   5.3650087e+08        1816543.5       -504660.85       -6904.8008        4.6540104        8.4234030      0.013977988
   5.3650087e+08        1816543.5       -504660.85       -6904.8008        4.5227360        8.8326426      0.015680099
   5.3650087e+08        1816543.5       -504660.85       -6904.8008        4.3223917        9.2128691      0.017493237
   5.3650087e+08        1816543.5       -504660.85       -6904.8008        4.0590654        9.5525286      0.019362306
   5.3650087e+08        1816543.5       -504660.85       -6904.8008        3.7407578        9.8413013      0.021230518
   5.3650087e+08        1816543.5       -504660.85       -6904.8008        3.3771407        10.070413      0.023041108
   5.3650087e+08        1816543.5       -504660.85       -6904.8008        2.9792623        10.232902      0.024739062
   5.3650087e+08        1816543.5       -504660.85       -6904.8008        2.5592119        10.323832      0.026272789
   5.3650087e+08        1816543.5       -504660.85       -6904.8008        2.1297526        10.340439      0.027595687
   5.3650087e+08        1816543.5       -504660.85       -6904.8008        1.7039332        10.282219      0.028667561
   5.3650087e+08        1816543.5       -504660.85       -6904.8008        1.2946921        10.150941      0.029455842
   5.3650087e+08        1816543.5       -504660.85       -6904.8008       0.91446288        9.9505925      0.029936580
   5.3650087e+08        1816543.5       -504660.85       -6904.8008       0.57480061        9.6872631      0.030095165
   5.3650087e+08        1816543.5       -504660.85       -6904.8008       0.28602471        9.3689531      0.029926781
   5.3650087e+08        1816543.5       -504660.85       -6904.8008      0.056909486        9.0053340      0.029436543
   5.3650087e+08        1816543.5       -504660.85       -6904.8008     -0.068537601        8.5949955       0.45664093
   5.3650087e+08        1816543.5       -504660.85       -6904.8008      -0.15808992        8.1813260       0.45557740
   5.3650087e+08        1816543.5       -504660.85       -6904.8008      -0.17444887        7.7583912       0.45426775
   5.3650087e+08        1816543.5       -504660.85       -6904.8008      -0.11711739        7.3390417       0.45275177
   5.3650087e+08        1816543.5       -504660.85       -6904.8008      0.012162536        6.9360192       0.45107552
   5.3650087e+08        1816543.5       -504660.85       -6904.8008       0.20946272        6.5615696       0.44928993
   5.3650087e+08        1816543.5       -504660.85       -6904.8008       0.46878853        6.2270699       0.44744926
   5.3650087e+08        1816543.5       -504660.85       -6904.8008       0.78226013        5.9426842       0.44560943
   5.3650087e+08        1816543.5       -504660.85       -6904.8008        1.1403533        5.7170529       0.44382634
   5.3650087e+08        1816543.5       -504660.85       -6904.8008        1.5321870        5.5570322       0.44215418
   5.3650087e+08        1816543.5       -504660.85       -6904.8008        1.9458558        5.4674840       0.44064376
   5.3650087e+08        1816543.5       -504660.85       -6904.8008        2.3687909        5.4511291       0.43934095
   5.3650087e+08        1816543.5       -504660.85       -6904.8008        2.7881414        5.5084646       0.43828536
   5.3650087e+08        1816543.5       -504660.85       -6904.8008        3.1911653        5.6377483       0.43750906
   5.3650087e+08        1816543.5       -504660.85       -6904.8008        3.5656170        5.8350520       0.43703562
   5.3650087e+08        1816543.5       -504660.85       -6904.8008        3.9001192        6.0943806       0.43687945
   5.3650087e+08        1816543.5       -504660.85       -6904.8008        4.1845085        6.4078551       0.43704527
   5.3650087e+08        1816543.5       -504660.85       -6904.8008        4.4101430        6.7659499       0.43752806
   5.3650087e+08        1816543.5       -504660.85       -6904.8008        4.5701675        7.1577849       0.43831315
   5.3650087e+08        1816543.5       -504660.85       -6904.8008        4.6597197        7.5714542       0.43937667
   5.3650087e+08        1816543.5       -504660.85       -6904.8008        4.6760785        7.9943889       0.44068632
   5.3650087e+08        1816543.5       -504660.85       -6904.8008        4.6187469        8.4137388       0.44220230
   5.3650087e+08        1816543.5       -504660.85       -6904.8008        4.4894669        8.8167611       0.44387855
   5.3650087e+08        1816543.5       -504660.85       -6904.8008        4.2921662        9.1912111       0.44566415
   5.3650087e+08        1816543.5       -504660.85       -6904.8008        4.0328404        9.5257105       0.44750482
   5.3650087e+08        1816543.5       -504660.85       -6904.8008        3.7193687        9.8100961       0.44934465
   5.3650087e+08        1816543.5       -504660.85       -6904.8008        3.3612757        10.035727       0.45112773
   5.3650087e+08        1816543.5       -504660.85       -6904.8008        2.9694420        10.195748       0.45279989
   5.3650087e+08        1816543.5       -504660.85       -6904.8008        2.5557731        10.285296       0.45431032
   5.3650087e+08        1816543.5       -504660.85       -6904.8008        2.1328383        10.301650       0.45561312
   5.3650087e+08        1816543.5       -504660.85       -6904.8008        1.7134881        10.244315       0.45666871
   5.3650087e+08        1816543.5       -504660.85       -6904.8008        1.3104642        10.115031       0.45744501
   5.3650087e+08        1816543.5       -504660.85       -6904.8008       0.93601153        9.9177269       0.45791845
   5.3650087e+08        1816543.5       -504660.85       -6904.8008       0.60150950        9.6583981       0.45807462
   5.3650087e+08        1816543.5       -504660.85       -6904.8008       0.31712075        9.3449238       0.45790880
   5.3650087e+08        1816543.5       -504660.85       -6904.8008      0.091486302        8.9868290       0.45742601
   5.3650087e+08        1816543.5       -504660.85       -6904.8008      0.038941756        8.5607424       0.87135515
   5.3650087e+08        1816543.5       -504660.85       -6904.8008     -0.046508075        8.1660236       0.87034035
   5.3650087e+08        1816543.5       -504660.85       -6904.8008     -0.062117602        7.7624639       0.86909070
   5.3650087e+08        1816543.5       -504660.85       -6904.8008    -0.0074125387        7.3623252       0.86764416
   5.3650087e+08        1816543.5       -504660.85       -6904.8008       0.11594493        6.9777657       0.86604470
   5.3650087e+08        1816543.5       -504660.85       -6904.8008       0.30420657        6.6204700       0.86434091
   5.3650087e+08        1816543.5       -504660.85       -6904.8008       0.55165237        6.3012941       0.86258456
   5.3650087e+08        1816543.5       -504660.85       -6904.8008       0.85076349        6.0299364       0.86082902
   5.3650087e+08        1816543.5       -504660.85       -6904.8008        1.1924520        5.8146416       0.85912762
   5.3650087e+08        1816543.5       -504660.85       -6904.8008        1.5663353        5.6619516       0.85753206
   5.3650087e+08        1816543.5       -504660.85       -6904.8008        1.9610535        5.5765057       0.85609083
   5.3650087e+08        1816543.5       -504660.85       -6904.8008        2.3646135        5.5609001       0.85484771
   5.3650087e+08        1816543.5       -504660.85       -6904.8008        2.7647531        5.6156090       0.85384048
   5.3650087e+08        1816543.5       -504660.85       -6904.8008        3.1493140        5.7389700       0.85309974
   5.3650087e+08        1816543.5       -504660.85       -6904.8008        3.5066117        5.9272350       0.85264799
   5.3650087e+08        1816543.5       -504660.85       -6904.8008        3.8257899        6.1746835       0.85249897
   5.3650087e+08        1816543.5       -504660.85       -6904.8008        4.0971510        6.4737974       0.85265720
   5.3650087e+08        1816543.5       -504660.85       -6904.8008        4.3124490        6.8154875       0.85311787
   5.3650087e+08        1816543.5       -504660.85       -6904.8008        4.4651426        7.1893720       0.85386699
   5.3650087e+08        1816543.5       -504660.85       -6904.8008        4.5505923        7.5840907       0.85488179
   5.3650087e+08        1816543.5       -504660.85       -6904.8008        4.5662017        7.9876503       0.85613144
   5.3650087e+08        1816543.5       -504660.85       -6904.8008        4.5114965        8.3877893       0.85757798
   5.3650087e+08        1816543.5       -504660.85       -6904.8008        4.3881389        8.7723487       0.85917744
   5.3650087e+08        1816543.5       -504660.85       -6904.8008        4.1998769        9.1296447       0.86088123
   5.3650087e+08        1816543.5       -504660.85       -6904.8008        3.9524311        9.4488203       0.86263758
   5.3650087e+08        1816543.5       -504660.85       -6904.8008        3.6533198        9.7201779       0.86439313
   5.3650087e+08        1816543.5       -504660.85       -6904.8008        3.3116315        9.9354724       0.86609452
   5.3650087e+08        1816543.5       -504660.85       -6904.8008        2.9377481        10.088162       0.86769008
   5.3650087e+08        1816543.5       -504660.85       -6904.8008        2.5430299        10.173608       0.86913131
   5.3650087e+08        1816543.5       -504660.85       -6904.8008        2.1394701        10.189214       0.87037443
   5.3650087e+08        1816543.5       -504660.85       -6904.8008        1.7393308        10.134505       0.87138166
   5.3650087e+08        1816543.5       -504660.85       -6904.8008        1.3547700        10.011144       0.87212240
   5.3650087e+08        1816543.5       -504660.85       -6904.8008       0.99747136        9.8228780       0.87257415
   5.3650087e+08        1816543.5       -504660.85       -6904.8008       0.67829324        9.5754293       0.87272317
   5.3650087e+08        1816543.5       -504660.85       -6904.8008       0.40693267        9.2763157       0.87256494
   5.3650087e+08        1816543.5       -504660.85       -6904.8008       0.19163478        8.9346255       0.87210427
   5.3650087e+08        1816543.5       -504660.85       -6904.8008       0.21358932        8.5057374        1.2601811
   5.3650087e+08        1816543.5       -504660.85       -6904.8008       0.13483833        8.1419625        1.2592459
   5.3650087e+08        1816543.5       -504660.85       -6904.8008       0.12045251        7.7700399        1.2580942
   5.3650087e+08        1816543.5       -504660.85       -6904.8008       0.17086897        7.4012702        1.2567611
   5.3650087e+08        1816543.5       -504660.85       -6904.8008       0.28455583        7.0468582        1.2552870
   5.3650087e+08        1816543.5       -504660.85       -6904.8008       0.45805869        6.7175727        1.2537168
   5.3650087e+08        1816543.5       -504660.85       -6904.8008       0.68610597        6.4234186        1.2520981
   5.3650087e+08        1816543.5       -504660.85       -6904.8008       0.96176825        6.1733340        1.2504802
   5.3650087e+08        1816543.5       -504660.85       -6904.8008        1.2766701        5.9749173        1.2489122
   5.3650087e+08        1816543.5       -504660.85       -6904.8008        1.6212428        5.8341974        1.2474417
   5.3650087e+08        1816543.5       -504660.85       -6904.8008        1.9850171        5.7554500        1.2461135
   5.3650087e+08        1816543.5       -504660.85       -6904.8008        2.3569400        5.7410678        1.2449678
   5.3650087e+08        1816543.5       -504660.85       -6904.8008        2.7257106        5.7914878        1.2440395
   5.3650087e+08        1816543.5       -504660.85       -6904.8008        3.0801238        5.9051779        1.2433569
   5.3650087e+08        1816543.5       -504660.85       -6904.8008        3.4094111        6.0786838        1.2429405
   5.3650087e+08        1816543.5       -504660.85       -6904.8008        3.7035674        6.3067336        1.2428032
   5.3650087e+08        1816543.5       -504660.85       -6904.8008        3.9536551        6.5823985        1.2429490
   5.3650087e+08        1816543.5       -504660.85       -6904.8008        4.1520748        6.8973017        1.2433736
   5.3650087e+08        1816543.5       -504660.85       -6904.8008        4.2927980        7.2418756        1.2440640
   5.3650087e+08        1816543.5       -504660.85       -6904.8008        4.3715488        7.6056503        1.2449992
   5.3650087e+08        1816543.5       -504660.85       -6904.8008        4.3859346        7.9775728        1.2461509
   5.3650087e+08        1816543.5       -504660.85       -6904.8008        4.3355180        8.3463429        1.2474840
   5.3650087e+08        1816543.5       -504660.85       -6904.8008        4.2218310        8.7007547        1.2489581
   5.3650087e+08        1816543.5       -504660.85       -6904.8008        4.0483278        9.0300406        1.2505283
   5.3650087e+08        1816543.5       -504660.85       -6904.8008        3.8202805        9.3241944        1.2521470
   5.3650087e+08        1816543.5       -504660.85       -6904.8008        3.5446181        9.5742788        1.2537649
   5.3650087e+08        1816543.5       -504660.85       -6904.8008        3.2297164        9.7726953        1.2553329
   5.3650087e+08        1816543.5       -504660.85       -6904.8008        2.8851436        9.9134151        1.2568034
   5.3650087e+08        1816543.5       -504660.85       -6904.8008        2.5213693        9.9921624        1.2581316
   5.3650087e+08        1816543.5       -504660.85       -6904.8008        2.1494467        10.006544        1.2592773
   5.3650087e+08        1816543.5       -504660.85       -6904.8008        1.7806763        9.9561245        1.2602056
   5.3650087e+08        1816543.5       -504660.85       -6904.8008        1.4262631        9.8424343        1.2608882
   5.3650087e+08        1816543.5       -504660.85       -6904.8008        1.0969750        9.6689278        1.2613046
   5.3650087e+08        1816543.5       -504660.85       -6904.8008       0.80281882        9.4408778        1.2614419
   5.3650087e+08        1816543.5       -504660.85       -6904.8008       0.55273157        9.1652133        1.2612961
   5.3650087e+08        1816543.5       -504660.85       -6904.8008       0.35431197        8.8503099        1.2608715
   5.3650087e+08        1816543.5       -504660.85       -6904.8008       0.45009851        8.4316517        1.6113046
   5.3650087e+08        1816543.5       -504660.85       -6904.8008       0.38043917        8.1098740        1.6104773
   5.3650087e+08        1816543.5       -504660.85       -6904.8008       0.36771417        7.7808891        1.6094586
   5.3650087e+08        1816543.5       -504660.85       -6904.8008       0.41231014        7.4546931        1.6082794
   5.3650087e+08        1816543.5       -504660.85       -6904.8008       0.51287207        7.1411973        1.6069755
   5.3650087e+08        1816543.5       -504660.85       -6904.8008       0.66634435        6.8499273        1.6055865
   5.3650087e+08        1816543.5       -504660.85       -6904.8008       0.86806401        6.5897327        1.6041548
   5.3650087e+08        1816543.5       -504660.85       -6904.8008        1.1119016        6.3685199        1.6027236
   5.3650087e+08        1816543.5       -504660.85       -6904.8008        1.3904486        6.1930100        1.6013366
   5.3650087e+08        1816543.5       -504660.85       -6904.8008        1.6952411        6.0685360        1.6000359
   5.3650087e+08        1816543.5       -504660.85       -6904.8008        2.0170183        5.9988798        1.5988610
   5.3650087e+08        1816543.5       -504660.85       -6904.8008        2.3460034        5.9861580        1.5978476
   5.3650087e+08        1816543.5       -504660.85       -6904.8008        2.6722002        6.0307571        1.5970265
   5.3650087e+08        1816543.5       -504660.85       -6904.8008        2.9856970        6.1313219        1.5964227
   5.3650087e+08        1816543.5       -504660.85       -6904.8008        3.2769688        6.2847969        1.5960544
   5.3650087e+08        1816543.5       -504660.85       -6904.8008        3.5371652        6.4865188        1.5959329
   5.3650087e+08        1816543.5       -504660.85       -6904.8008        3.7583808        6.7303586        1.5960619
   5.3650087e+08        1816543.5       -504660.85       -6904.8008        3.9338933        7.0089069        1.5964374
   5.3650087e+08        1816543.5       -504660.85       -6904.8008        4.0583703        7.3137004        1.5970481
   5.3650087e+08        1816543.5       -504660.85       -6904.8008        4.1280295        7.6354780        1.5978754
   5.3650087e+08        1816543.5       -504660.85       -6904.8008        4.1407544        7.9644627        1.5988941
   5.3650087e+08        1816543.5       -504660.85       -6904.8008        4.0961583        8.2906590        1.6000734
   5.3650087e+08        1816543.5       -504660.85       -6904.8008        3.9955963        8.6041547        1.6013772
   5.3650087e+08        1816543.5       -504660.85       -6904.8008        3.8421237        8.8954251        1.6027662
   5.3650087e+08        1816543.5       -504660.85       -6904.8008        3.6404040        9.1556194        1.6041980
   5.3650087e+08        1816543.5       -504660.85       -6904.8008        3.3965663        9.3768321        1.6056291
   5.3650087e+08        1816543.5       -504660.85       -6904.8008        3.1180195        9.5523418        1.6070161
   5.3650087e+08        1816543.5       -504660.85       -6904.8008        2.8132269        9.6768157        1.6083168
   5.3650087e+08        1816543.5       -504660.85       -6904.8008        2.4914497        9.7464717        1.6094917
   5.3650087e+08        1816543.5       -504660.85       -6904.8008        2.1624648        9.7591935        1.6105051
   5.3650087e+08        1816543.5       -504660.85       -6904.8008        1.8362683        9.7145943        1.6113262
   5.3650087e+08        1816543.5       -504660.85       -6904.8008        1.5227714        9.6140295        1.6119301
   5.3650087e+08        1816543.5       -504660.85       -6904.8008        1.2314990        9.4605540        1.6122983
   5.3650087e+08        1816543.5       -504660.85       -6904.8008       0.97130258        9.2588320        1.6124198
   5.3650087e+08        1816543.5       -504660.85       -6904.8008       0.75008743        9.0149923        1.6122908
   5.3650087e+08        1816543.5       -504660.85       -6904.8008       0.57457500        8.7364440        1.6119153
   5.3650087e+08        1816543.5       -504660.85       -6904.8008       0.74128300        8.3407364        1.9140568
   5.3650087e+08        1816543.5       -504660.85       -6904.8008       0.68283188        8.0707329        1.9133626
   5.3650087e+08        1816543.5       -504660.85       -6904.8008       0.67215434        7.7946818        1.9125078
   5.3650087e+08        1816543.5       -504660.85       -6904.8008       0.70957480        7.5209709        1.9115183
   5.3650087e+08        1816543.5       -504660.85       -6904.8008       0.79395627        7.2579167        1.9104242
   5.3650087e+08        1816543.5       -504660.85       -6904.8008       0.92273481        7.0135121        1.9092587
   5.3650087e+08        1816543.5       -504660.85       -6904.8008        1.0919977        6.7951829        1.9080573
   5.3650087e+08        1816543.5       -504660.85       -6904.8008        1.2966017        6.6095633        1.9068565
   5.3650087e+08        1816543.5       -504660.85       -6904.8008        1.5303304        6.4622930        1.9056926
   5.3650087e+08        1816543.5       -504660.85       -6904.8008        1.7860817        6.3578469        1.9046012
   5.3650087e+08        1816543.5       -504660.85       -6904.8008        2.0560848        6.2993984        1.9036153
   5.3650087e+08        1816543.5       -504660.85       -6904.8008        2.3321361        6.2887236        1.9027650
   5.3650087e+08        1816543.5       -504660.85       -6904.8008        2.6058477        6.3261467        1.9020760
   5.3650087e+08        1816543.5       -504660.85       -6904.8008        2.8689028        6.4105306        1.9015693
   5.3650087e+08        1816543.5       -504660.85       -6904.8008        3.1133088        6.5393114        1.9012603
   5.3650087e+08        1816543.5       -504660.85       -6904.8008        3.3316396        6.7085761        1.9011584
   5.3650087e+08        1816543.5       -504660.85       -6904.8008        3.5172615        6.9131821        1.9012666
   5.3650087e+08        1816543.5       -504660.85       -6904.8008        3.6645340        7.1469118        1.9015817
   5.3650087e+08        1816543.5       -504660.85       -6904.8008        3.7689825        7.4026639        1.9020941
   5.3650087e+08        1816543.5       -504660.85       -6904.8008        3.8274336        7.6726674        1.9027883
   5.3650087e+08        1816543.5       -504660.85       -6904.8008        3.8381110        7.9487184        1.9036431
   5.3650087e+08        1816543.5       -504660.85       -6904.8008        3.8006904        8.2224296        1.9046326
   5.3650087e+08        1816543.5       -504660.85       -6904.8008        3.7163089        8.4854836        1.9057267
   5.3650087e+08        1816543.5       -504660.85       -6904.8008        3.5875301        8.7298885        1.9068922
   5.3650087e+08        1816543.5       -504660.85       -6904.8008        3.4182672        8.9482175        1.9080936
   5.3650087e+08        1816543.5       -504660.85       -6904.8008        3.2136631        9.1338370        1.9092944
   5.3650087e+08        1816543.5       -504660.85       -6904.8008        2.9799345        9.2811071        1.9104583
   5.3650087e+08        1816543.5       -504660.85       -6904.8008        2.7241832        9.3855531        1.9115497
   5.3650087e+08        1816543.5       -504660.85       -6904.8008        2.4541801        9.4440015        1.9125356
   5.3650087e+08        1816543.5       -504660.85       -6904.8008        2.1781289        9.4546763        1.9133859
   5.3650087e+08        1816543.5       -504660.85       -6904.8008        1.9044176        9.4172532        1.9140749
   5.3650087e+08        1816543.5       -504660.85       -6904.8008        1.6413625        9.3328692        1.9145816
   5.3650087e+08        1816543.5       -504660.85       -6904.8008        1.3969558        9.2040880        1.9148906
   5.3650087e+08        1816543.5       -504660.85       -6904.8008        1.1786252        9.0348231        1.9149925
   5.3650087e+08        1816543.5       -504660.85       -6904.8008       0.99300360        8.8302174        1.9148843
   5.3650087e+08        1816543.5       -504660.85       -6904.8008       0.84573118        8.5964876        1.9145692
   5.3650087e+08        1816543.5       -504660.85       -6904.8008        1.0782956        8.2357540        2.1592389
   5.3650087e+08        1816543.5       -504660.85       -6904.8008        1.0328287        8.0257285        2.1586989
   5.3650087e+08        1816543.5       -504660.85       -6904.8008        1.0245231        7.8109989        2.1580340
   5.3650087e+08        1816543.5       -504660.85       -6904.8008        1.0536310        7.5980897        2.1572643
   5.3650087e+08        1816543.5       -504660.85       -6904.8008        1.1192682        7.3934699        2.1564132
   5.3650087e+08        1816543.5       -504660.85       -6904.8008        1.2194401        7.2033569        2.1555067
   5.3650087e+08        1816543.5       -504660.85       -6904.8008        1.3511032        7.0335270        2.1545721
   5.3650087e+08        1816543.5       -504660.85       -6904.8008        1.5102568        6.8891406        2.1536380
   5.3650087e+08        1816543.5       -504660.85       -6904.8008        1.6920654        6.7745846        2.1527327
   5.3650087e+08        1816543.5       -504660.85       -6904.8008        1.8910046        6.6933400        2.1518838
   5.3650087e+08        1816543.5       -504660.85       -6904.8008        2.1010297        6.6478752        2.1511169
   5.3650087e+08        1816543.5       -504660.85       -6904.8008        2.3157594        6.6395716        2.1504554
   5.3650087e+08        1816543.5       -504660.85       -6904.8008        2.5286692        6.6686816        2.1499195
   5.3650087e+08        1816543.5       -504660.85       -6904.8008        2.7332897        6.7343206        2.1495254
   5.3650087e+08        1816543.5       -504660.85       -6904.8008        2.9234038        6.8344943        2.1492850
   5.3650087e+08        1816543.5       -504660.85       -6904.8008        3.0932350        6.9661589        2.1492057
   5.3650087e+08        1816543.5       -504660.85       -6904.8008        3.2376232        7.1253140        2.1492899
   5.3650087e+08        1816543.5       -504660.85       -6904.8008        3.3521808        7.3071234        2.1495350
   5.3650087e+08        1816543.5       -504660.85       -6904.8008        3.4334274        7.5060632        2.1499336
   5.3650087e+08        1816543.5       -504660.85       -6904.8008        3.4788942        7.7160886        2.1504736
   5.3650087e+08        1816543.5       -504660.85       -6904.8008        3.4871998        7.9308181        2.1511385
   5.3650087e+08        1816543.5       -504660.85       -6904.8008        3.4580917        8.1437276        2.1519082
   5.3650087e+08        1816543.5       -504660.85       -6904.8008        3.3924546        8.3483473        2.1527592
   5.3650087e+08        1816543.5       -504660.85       -6904.8008        3.2922824        8.5384605        2.1536658
   5.3650087e+08        1816543.5       -504660.85       -6904.8008        3.1606193        8.7082902        2.1546004
   5.3650087e+08        1816543.5       -504660.85       -6904.8008        3.0014656        8.8526766        2.1555345
   5.3650087e+08        1816543.5       -504660.85       -6904.8008        2.8196571        8.9672324        2.1564398
   5.3650087e+08        1816543.5       -504660.85       -6904.8008        2.6207179        9.0484769        2.1572887
   5.3650087e+08        1816543.5       -504660.85       -6904.8008        2.4106928        9.0939417        2.1580556
   5.3650087e+08        1816543.5       -504660.85       -6904.8008        2.1959632        9.1022452        2.1587170
   5.3650087e+08        1816543.5       -504660.85       -6904.8008        1.9830535        9.0731352        2.1592530
   5.3650087e+08        1816543.5       -504660.85       -6904.8008        1.7784330        9.0074961        2.1596471
   5.3650087e+08        1816543.5       -504660.85       -6904.8008        1.5883185        8.9073221        2.1598875
   5.3650087e+08        1816543.5       -504660.85       -6904.8008        1.4184874        8.7756575        2.1599668
   5.3650087e+08        1816543.5       -504660.85       -6904.8008        1.2740995        8.6165025        2.1598826
   5.3650087e+08        1816543.5       -504660.85       -6904.8008        1.1595419        8.4346930        2.1596375
   5.3650087e+08        1816543.5       -504660.85       -6904.8008        1.4508960        8.1198943        2.3394009
   5.3650087e+08        1816543.5       -504660.85       -6904.8008        1.4197948        7.9762284        2.3390316
   5.3650087e+08        1816543.5       -504660.85       -6904.8008        1.4141134        7.8293447        2.3385767
   5.3650087e+08        1816543.5       -504660.85       -6904.8008        1.4340244        7.6837062        2.3380502
   5.3650087e+08        1816543.5       -504660.85       -6904.8008        1.4789228        7.5437380        2.3374681
   5.3650087e+08        1816543.5       -504660.85       -6904.8008        1.5474444        7.4136931        2.3368479
   5.3650087e+08        1816543.5       -504660.85       -6904.8008        1.6375073        7.2975226        2.3362087
   5.3650087e+08        1816543.5       -504660.85       -6904.8008        1.7463748        7.1987565        2.3355697
   5.3650087e+08        1816543.5       -504660.85       -6904.8008        1.8707392        7.1203956        2.3349505
   5.3650087e+08        1816543.5       -504660.85       -6904.8008        2.0068216        7.0648210        2.3343697
   5.3650087e+08        1816543.5       -504660.85       -6904.8008        2.1504872        7.0337212        2.3338452
   5.3650087e+08        1816543.5       -504660.85       -6904.8008        2.2973710        7.0280413        2.3333927
   5.3650087e+08        1816543.5       -504660.85       -6904.8008        2.4430099        7.0479537        2.3330261
   5.3650087e+08        1816543.5       -504660.85       -6904.8008        2.5829785        7.0928534        2.3327565
   5.3650087e+08        1816543.5       -504660.85       -6904.8008        2.7130242        7.1613762        2.3325921
   5.3650087e+08        1816543.5       -504660.85       -6904.8008        2.8291956        7.2514401        2.3325378
   5.3650087e+08        1816543.5       -504660.85       -6904.8008        2.9279629        7.3603086        2.3325954
   5.3650087e+08        1816543.5       -504660.85       -6904.8008        3.0063250        7.4846736        2.3327631
   5.3650087e+08        1816543.5       -504660.85       -6904.8008        3.0619009        7.6207564        2.3330357
   5.3650087e+08        1816543.5       -504660.85       -6904.8008        3.0930020        7.7644222        2.3334051
   5.3650087e+08        1816543.5       -504660.85       -6904.8008        3.0986834        7.9113058        2.3338599
   5.3650087e+08        1816543.5       -504660.85       -6904.8008        3.0787723        8.0569445        2.3343864
   5.3650087e+08        1816543.5       -504660.85       -6904.8008        3.0338738        8.1969126        2.3349686
   5.3650087e+08        1816543.5       -504660.85       -6904.8008        2.9653521        8.3269577        2.3355887
   5.3650087e+08        1816543.5       -504660.85       -6904.8008        2.8752892        8.4431281        2.3362280
   5.3650087e+08        1816543.5       -504660.85       -6904.8008        2.7664216        8.5418941        2.3368669
   5.3650087e+08        1816543.5       -504660.85       -6904.8008        2.6420573        8.6202549        2.3374862
   5.3650087e+08        1816543.5       -504660.85       -6904.8008        2.5059749        8.6758295        2.3380669
   5.3650087e+08        1816543.5       -504660.85       -6904.8008        2.3623092        8.7069292        2.3385915
   5.3650087e+08        1816543.5       -504660.85       -6904.8008        2.2154255        8.7126091        2.3390440
   5.3650087e+08        1816543.5       -504660.85       -6904.8008        2.0697868        8.6926967        2.3394106
   5.3650087e+08        1816543.5       -504660.85       -6904.8008        1.9298181        8.6477970        2.3396802
   5.3650087e+08        1816543.5       -504660.85       -6904.8008        1.7997721        8.5792739        2.3398446
   5.3650087e+08        1816543.5       -504660.85       -6904.8008        1.6836008        8.4892100        2.3398988
   5.3650087e+08        1816543.5       -504660.85       -6904.8008        1.5848337        8.3803416        2.3398412
   5.3650087e+08        1816543.5       -504660.85       -6904.8008        1.5064717        8.2559766        2.3396736
   5.3650087e+08        1816543.5       -504660.85       -6904.8008        1.8477633        7.9966775        2.4490690
   5.3650087e+08        1816543.5       -504660.85       -6904.8008        1.8319728        7.9237364        2.4488814
   5.3650087e+08        1816543.5       -504660.85       -6904.8008        1.8290883        7.8491617        2.4486505
   5.3650087e+08        1816543.5       -504660.85       -6904.8008        1.8391973        7.7752192        2.4483832
   5.3650087e+08        1816543.5       -504660.85       -6904.8008        1.8619928        7.7041555        2.4480876
   5.3650087e+08        1816543.5       -504660.85       -6904.8008        1.8967822        7.6381300        2.4477728
   5.3650087e+08        1816543.5       -504660.85       -6904.8008        1.9425082        7.5791488        2.4474482
   5.3650087e+08        1816543.5       -504660.85       -6904.8008        1.9977817        7.5290039        2.4471238
   5.3650087e+08        1816543.5       -504660.85       -6904.8008        2.0609231        7.4892191        2.4468094
   5.3650087e+08        1816543.5       -504660.85       -6904.8008        2.1300139        7.4610032        2.4465146
   5.3650087e+08        1816543.5       -504660.85       -6904.8008        2.2029548        7.4452134        2.4462482
   5.3650087e+08        1816543.5       -504660.85       -6904.8008        2.2775296        7.4423296        2.4460185
   5.3650087e+08        1816543.5       -504660.85       -6904.8008        2.3514723        7.4524394        2.4458324
   5.3650087e+08        1816543.5       -504660.85       -6904.8008        2.4225362        7.4752356        2.4456955
   5.3650087e+08        1816543.5       -504660.85       -6904.8008        2.4885620        7.5100255        2.4456120
   5.3650087e+08        1816543.5       -504660.85       -6904.8008        2.5475437        7.5557521        2.4455845
   5.3650087e+08        1816543.5       -504660.85       -6904.8008        2.5976892        7.6110260        2.4456137
   5.3650087e+08        1816543.5       -504660.85       -6904.8008        2.6374746        7.6741677        2.4456989
   5.3650087e+08        1816543.5       -504660.85       -6904.8008        2.6656912        7.7432587        2.4458373
   5.3650087e+08        1816543.5       -504660.85       -6904.8008        2.6814817        7.8161997        2.4460248
   5.3650087e+08        1816543.5       -504660.85       -6904.8008        2.6843662        7.8907744        2.4462557
   5.3650087e+08        1816543.5       -504660.85       -6904.8008        2.6742570        7.9647171        2.4465231
   5.3650087e+08        1816543.5       -504660.85       -6904.8008        2.6514615        8.0357807        2.4468186
   5.3650087e+08        1816543.5       -504660.85       -6904.8008        2.6166721        8.1018062        2.4471335
   5.3650087e+08        1816543.5       -504660.85       -6904.8008        2.5709460        8.1607874        2.4474580
   5.3650087e+08        1816543.5       -504660.85       -6904.8008        2.5156726        8.2109322        2.4477824
   5.3650087e+08        1816543.5       -504660.85       -6904.8008        2.4525312        8.2507170        2.4480968
   5.3650087e+08        1816543.5       -504660.85       -6904.8008        2.3834404        8.2789329        2.4483917
   5.3650087e+08        1816543.5       -504660.85       -6904.8008        2.3104995        8.2947227        2.4486580
   5.3650087e+08        1816543.5       -504660.85       -6904.8008        2.2359248        8.2976064        2.4488877
   5.3650087e+08        1816543.5       -504660.85       -6904.8008        2.1619821        8.2874966        2.4490739
   5.3650087e+08        1816543.5       -504660.85       -6904.8008        2.0909182        8.2647005        2.4492107
   5.3650087e+08        1816543.5       -504660.85       -6904.8008        2.0248922        8.2299104        2.4492942
   5.3650087e+08        1816543.5       -504660.85       -6904.8008        1.9659105        8.1841838        2.4493218
   5.3650087e+08        1816543.5       -504660.85       -6904.8008        1.9157651        8.1289099        2.4492925
   5.3650087e+08        1816543.5       -504660.85       -6904.8008        1.8759798        8.0657682        2.4492074
   5.3650087e+08        1816543.5       -504660.85       -6904.8008        2.2568383        7.8698476        2.4849107
   5.3650087e+08        1816543.5       -504660.85       -6904.8008        2.2568383        7.8698477        2.4849107
   5.3650087e+08        1816543.5       -504660.85       -6904.8008        2.2568383        7.8698478        2.4849107
   5.3650087e+08        1816543.5       -504660.85       -6904.8008        2.2568383        7.8698478        2.4849107
   5.3650087e+08        1816543.5       -504660.85       -6904.8008        2.2568383        7.8698479        2.4849107
   5.3650087e+08        1816543.5       -504660.85       -6904.8008        2.2568383        7.8698480        2.4849107
   5.3650087e+08        1816543.5       -504660.85       -6904.8008        2.2568382        7.8698480        2.4849107
   5.3650087e+08        1816543.5       -504660.85       -6904.8008        2.2568382        7.8698481        2.4849107
   5.3650087e+08        1816543.5       -504660.85       -6904.8008        2.2568381        7.8698481        2.4849107
   5.3650087e+08        1816543.5       -504660.85       -6904.8008        2.2568381        7.8698481        2.4849107
   5.3650087e+08        1816543.5       -504660.85       -6904.8008        2.2568380        7.8698482        2.4849107
   5.3650087e+08        1816543.5       -504660.85       -6904.8008        2.2568379        7.8698482        2.4849107
   5.3650087e+08        1816543.5       -504660.85       -6904.8008        2.2568379        7.8698481        2.4849107
   5.3650087e+08        1816543.5       -504660.85       -6904.8008        2.2568378        7.8698481        2.4849107
   5.3650087e+08        1816543.5       -504660.85       -6904.8008        2.2568377        7.8698481        2.4849107
   5.3650087e+08        1816543.5       -504660.85       -6904.8008        2.2568377        7.8698481        2.4849107
   5.3650087e+08        1816543.5       -504660.85       -6904.8008        2.2568376        7.8698480        2.4849107
   5.3650087e+08        1816543.5       -504660.85       -6904.8008        2.2568376        7.8698479        2.4849107
   5.3650087e+08        1816543.5       -504660.85       -6904.8008        2.2568376        7.8698479        2.4849107
   5.3650087e+08        1816543.5       -504660.85       -6904.8008        2.2568375        7.8698478        2.4849107
   5.3650087e+08        1816543.5       -504660.85       -6904.8008        2.2568375        7.8698477        2.4849107
   5.3650087e+08        1816543.5       -504660.85       -6904.8008        2.2568375        7.8698477        2.4849107
   5.3650087e+08        1816543.5       -504660.85       -6904.8008        2.2568376        7.8698476        2.4849107
   5.3650087e+08        1816543.5       -504660.85       -6904.8008        2.2568376        7.8698475        2.4849107
   5.3650087e+08        1816543.5       -504660.85       -6904.8008        2.2568376        7.8698475        2.4849107
   5.3650087e+08        1816543.5       -504660.85       -6904.8008        2.2568377        7.8698474        2.4849107
   5.3650087e+08        1816543.5       -504660.85       -6904.8008        2.2568378        7.8698474        2.4849107
   5.3650087e+08        1816543.5       -504660.85       -6904.8008        2.2568378        7.8698474        2.4849107
   5.3650087e+08        1816543.5       -504660.85       -6904.8008        2.2568379        7.8698474        2.4849107
   5.3650087e+08        1816543.5       -504660.85       -6904.8008        2.2568380        7.8698474        2.4849107
   5.3650087e+08        1816543.5       -504660.85       -6904.8008        2.2568380        7.8698474        2.4849107
   5.3650087e+08        1816543.5       -504660.85       -6904.8008        2.2568381        7.8698474        2.4849107
   5.3650087e+08        1816543.5       -504660.85       -6904.8008        2.2568382        7.8698474        2.4849107
   5.3650087e+08        1816543.5       -504660.85       -6904.8008        2.2568382        7.8698475        2.4849107
   5.3650087e+08        1816543.5       -504660.85       -6904.8008        2.2568383        7.8698475        2.4849107
   5.3650087e+08        1816543.5       -504660.85       -6904.8008        2.2568383        7.8698476        2.4849107
