   5.4177127e+08        314898.37        1021651.6       -934.44134       -10.412685        3.2200066       -2.7440027
   5.4177127e+08        314898.37        1021651.6       -934.44134       -10.412685        3.2200066       -2.7440027
   5.4177127e+08        314898.37        1021651.6       -934.44134       -10.412685        3.2200066       -2.7440027
   5.4177127e+08        314898.37        1021651.6       -934.44134       -10.412685        3.2200066       -2.7440027
   5.4177127e+08        314898.37        1021651.6       -934.44134       -10.412685        3.2200066       -2.7440027
   5.4177127e+08        314898.37        1021651.6       -934.44134       -10.412686        3.2200066       -2.7440027
   5.4177127e+08        314898.37        1021651.6       -934.44134       -10.412686        3.2200065       -2.7440027
   5.4177127e+08        314898.37        1021651.6       -934.44134       -10.412686        3.2200064       -2.7440027
   5.4177127e+08        314898.37        1021651.6       -934.44134       -10.412686        3.2200064       -2.7440027
   5.4177127e+08        314898.37        1021651.6       -934.44134       -10.412686        3.2200063       -2.7440027
   5.4177127e+08        314898.37        1021651.6       -934.44134       -10.412686        3.2200062       -2.7440027
   5.4177127e+08        314898.37        1021651.6       -934.44134       -10.412686        3.2200061       -2.7440027
   5.4177127e+08        314898.37        1021651.6       -934.44134       -10.412686        3.2200061       -2.7440027
   5.4177127e+08        314898.37        1021651.6       -934.44134       -10.412686        3.2200060       -2.7440027
   5.4177127e+08        314898.37        1021651.6       -934.44134       -10.412686        3.2200059       -2.7440027
   5.4177127e+08        314898.37        1021651.6       -934.44134       -10.412686        3.2200059       -2.7440027
   5.4177127e+08        314898.37        1021651.6       -934.44134       -10.412686        3.2200058       -2.7440027
   5.4177127e+08        314898.37        1021651.6       -934.44134       -10.412685        3.2200058       -2.7440027
   5.4177127e+08        314898.37        1021651.6       -934.44134       -10.412685        3.2200057       -2.7440027
   5.4177127e+08        314898.37        1021651.6       -934.44134       -10.412685        3.2200057       -2.7440027
   5.4177127e+08        314898.37        1021651.6       -934.44134       -10.412685        3.2200057       -2.7440027
   5.4177127e+08        314898.37        1021651.6       -934.44134       -10.412685        3.2200057       -2.7440027
   5.4177127e+08        314898.37        1021651.6       -934.44134       -10.412685        3.2200058       -2.7440027
   5.4177127e+08        314898.37        1021651.6       -934.44134       -10.412685        3.2200058       -2.7440027
   5.4177127e+08        314898.37        1021651.6       -934.44134       -10.412685        3.2200059       -2.7440027
   5.4177127e+08        314898.37        1021651.6       -934.44134       -10.412685        3.2200059       -2.7440027
   5.4177127e+08        314898.37        1021651.6       -934.44134       -10.412685        3.2200060       -2.7440027
   5.4177127e+08        314898.37        1021651.6       -934.44134       -10.412685        3.2200061       -2.7440027
   5.4177127e+08        314898.37        1021651.6       -934.44134       -10.412685        3.2200061       -2.7440027
   5.4177127e+08        314898.37        1021651.6       -934.44134       -10.412685        3.2200062       -2.7440027
   5.4177127e+08        314898.37        1021651.6       -934.44134       -10.412685        3.2200063       -2.7440027
   5.4177127e+08        314898.37        1021651.6       -934.44134       -10.412685        3.2200064       -2.7440027
   5.4177127e+08        314898.37        1021651.6       -934.44134       -10.412685        3.2200064       -2.7440027
   5.4177127e+08        314898.37        1021651.6       -934.44134       -10.412685        3.2200065       -2.7440027
   5.4177127e+08        314898.37        1021651.6       -934.44134       -10.412685        3.2200066       -2.7440027
   5.4177127e+08        314898.37        1021651.6       -934.44134       -10.412685        3.2200066       -2.7440027
   5.4177127e+08        314898.37        1021651.6       -934.44134       -10.535788        2.7553608       -2.7015911
   5.4177127e+08        314898.37        1021651.6       -934.44134       -10.453230        2.7410263       -2.7017812
   5.4177127e+08        314898.37        1021651.6       -934.44134       -10.369438        2.7412456       -2.7019762
   5.4177127e+08        314898.37        1021651.6       -934.44134       -10.286957        2.7560119       -2.7021704
   5.4177127e+08        314898.37        1021651.6       -934.44134       -10.208293        2.7848767       -2.7023578
   5.4177127e+08        314898.37        1021651.6       -934.44134       -10.135836        2.8269629       -2.7025326
   5.4177127e+08        314898.37        1021651.6       -934.44134       -10.071788        2.8809917       -2.7026897
   5.4177127e+08        314898.37        1021651.6       -934.44134       -10.018096        2.9453214       -2.7028241
   5.4177127e+08        314898.37        1021651.6       -934.44134       -9.9763895        3.0179976       -2.7029319
   5.4177127e+08        314898.37        1021651.6       -934.44134       -9.9479370        3.0968118       -2.7030097
   5.4177127e+08        314898.37        1021651.6       -934.44134       -9.9336026        3.1793694       -2.7030553
   5.4177127e+08        314898.37        1021651.6       -934.44134       -9.9338219        3.2631619       -2.7030671
   5.4177127e+08        314898.37        1021651.6       -934.44134       -9.9485883        3.3456434       -2.7030449
   5.4177127e+08        314898.37        1021651.6       -934.44134       -9.9774530        3.4243076       -2.7029893
   5.4177127e+08        314898.37        1021651.6       -934.44134       -10.019539        3.4967644       -2.7029021
   5.4177127e+08        314898.37        1021651.6       -934.44134       -10.073568        3.5608122       -2.7027857
   5.4177127e+08        314898.37        1021651.6       -934.44134       -10.137897        3.6145051       -2.7026439
   5.4177127e+08        314898.37        1021651.6       -934.44134       -10.210573        3.6562114       -2.7024809
   5.4177127e+08        314898.37        1021651.6       -934.44134       -10.289387        3.6846640       -2.7023017
   5.4177127e+08        314898.37        1021651.6       -934.44134       -10.371945        3.6989985       -2.7021116
   5.4177127e+08        314898.37        1021651.6       -934.44134       -10.455737        3.6987792       -2.7019165
   5.4177127e+08        314898.37        1021651.6       -934.44134       -10.538218        3.6840128       -2.7017224
   5.4177127e+08        314898.37        1021651.6       -934.44134       -10.616882        3.6551480       -2.7015350
   5.4177127e+08        314898.37        1021651.6       -934.44134       -10.689339        3.6130617       -2.7013602
   5.4177127e+08        314898.37        1021651.6       -934.44134       -10.753387        3.5590329       -2.7012031
   5.4177127e+08        314898.37        1021651.6       -934.44134       -10.807079        3.4947032       -2.7010687
   5.4177127e+08        314898.37        1021651.6       -934.44134       -10.848785        3.4220271       -2.7009609
   5.4177127e+08        314898.37        1021651.6       -934.44134       -10.877238        3.3432128       -2.7008830
   5.4177127e+08        314898.37        1021651.6       -934.44134       -10.891572        3.2606552       -2.7008375
   5.4177127e+08        314898.37        1021651.6       -934.44134       -10.891353        3.1768627       -2.7008257
   5.4177127e+08        314898.37        1021651.6       -934.44134       -10.876587        3.0943813       -2.7008479
   5.4177127e+08        314898.37        1021651.6       -934.44134       -10.847722        3.0157171       -2.7009035
   5.4177127e+08        314898.37        1021651.6       -934.44134       -10.805636        2.9432601       -2.7009907
   5.4177127e+08        314898.37        1021651.6       -934.44134       -10.751607        2.8792124       -2.7011071
   5.4177127e+08        314898.37        1021651.6       -934.44134       -10.687277        2.8255196       -2.7012489
   5.4177127e+08        314898.37        1021651.6       -934.44134       -10.614601        2.7838133       -2.7014119
   5.4177127e+08        314898.37        1021651.6       -934.44134       -10.654954        2.3048450       -2.5763554
   5.4177127e+08        314898.37        1021651.6       -934.44134       -10.492347        2.2766116       -2.5767297
   5.4177127e+08        314898.37        1021651.6       -934.44134       -10.327309        2.2770435       -2.5771139
   5.4177127e+08        314898.37        1021651.6       -934.44134       -10.164852        2.3061276       -2.5774963
   5.4177127e+08        314898.37        1021651.6       -934.44134       -10.009914        2.3629802       -2.5778654
   5.4177127e+08        314898.37        1021651.6       -934.44134       -9.8672026        2.4458738       -2.5782098
   5.4177127e+08        314898.37        1021651.6       -934.44134       -9.7410531        2.5522899       -2.5785191
   5.4177127e+08        314898.37        1021651.6       -934.44134       -9.6352992        2.6789948       -2.5787839
   5.4177127e+08        314898.37        1021651.6       -934.44134       -9.5531539        2.8221390       -2.5789962
   5.4177127e+08        314898.37        1021651.6       -934.44134       -9.4971133        2.9773728       -2.5791495
   5.4177127e+08        314898.37        1021651.6       -934.44134       -9.4688800        3.1399796       -2.5792392
   5.4177127e+08        314898.37        1021651.6       -934.44134       -9.4693120        3.3050189       -2.5792626
   5.4177127e+08        314898.37        1021651.6       -934.44134       -9.4983961        3.4674758       -2.5792188
   5.4177127e+08        314898.37        1021651.6       -934.44134       -9.5552486        3.6224142       -2.5791093
   5.4177127e+08        314898.37        1021651.6       -934.44134       -9.6381421        3.7651263       -2.5789374
   5.4177127e+08        314898.37        1021651.6       -934.44134       -9.7445578        3.8912760       -2.5787083
   5.4177127e+08        314898.37        1021651.6       -934.44134       -9.8712627        3.9970304       -2.5784290
   5.4177127e+08        314898.37        1021651.6       -934.44134       -10.014406        4.0791759       -2.5781079
   5.4177127e+08        314898.37        1021651.6       -934.44134       -10.169640        4.1352167       -2.5777549
   5.4177127e+08        314898.37        1021651.6       -934.44134       -10.332246        4.1634500       -2.5773806
   5.4177127e+08        314898.37        1021651.6       -934.44134       -10.497285        4.1630181       -2.5769964
   5.4177127e+08        314898.37        1021651.6       -934.44134       -10.659742        4.1339339       -2.5766139
   5.4177127e+08        314898.37        1021651.6       -934.44134       -10.814679        4.0770813       -2.5762449
   5.4177127e+08        314898.37        1021651.6       -934.44134       -10.957391        3.9941875       -2.5759005
   5.4177127e+08        314898.37        1021651.6       -934.44134       -11.083541        3.8877714       -2.5755912
   5.4177127e+08        314898.37        1021651.6       -934.44134       -11.189294        3.7610664       -2.5753264
   5.4177127e+08        314898.37        1021651.6       -934.44134       -11.271440        3.6179223       -2.5751141
   5.4177127e+08        314898.37        1021651.6       -934.44134       -11.327480        3.4626885       -2.5749607
   5.4177127e+08        314898.37        1021651.6       -934.44134       -11.355713        3.3000817       -2.5748711
   5.4177127e+08        314898.37        1021651.6       -934.44134       -11.355281        3.1350425       -2.5748477
   5.4177127e+08        314898.37        1021651.6       -934.44134       -11.326197        2.9725857       -2.5748915
   5.4177127e+08        314898.37        1021651.6       -934.44134       -11.269345        2.8176474       -2.5750010
   5.4177127e+08        314898.37        1021651.6       -934.44134       -11.186451        2.6749349       -2.5751729
   5.4177127e+08        314898.37        1021651.6       -934.44134       -11.080035        2.5487852       -2.5754020
   5.4177127e+08        314898.37        1021651.6       -934.44134       -10.953331        2.4430311       -2.5756813
   5.4177127e+08        314898.37        1021651.6       -934.44134       -10.810187        2.3608856       -2.5760023
   5.4177127e+08        314898.37        1021651.6       -934.44134       -10.766563        1.8821487       -2.3721009
   5.4177127e+08        314898.37        1021651.6       -934.44134       -10.528848        1.8408742       -2.3726481
   5.4177127e+08        314898.37        1021651.6       -934.44134       -10.287578        1.8415056       -2.3732098
   5.4177127e+08        314898.37        1021651.6       -934.44134       -10.050082        1.8840237       -2.3737688
   5.4177127e+08        314898.37        1021651.6       -934.44134       -9.8235783        1.9671366       -2.3743083
   5.4177127e+08        314898.37        1021651.6       -934.44134       -9.6149476        2.0883190       -2.3748118
   5.4177127e+08        314898.37        1021651.6       -934.44134       -9.4305295        2.2438889       -2.3752640
   5.4177127e+08        314898.37        1021651.6       -934.44134       -9.2759276        2.4291191       -2.3756511
   5.4177127e+08        314898.37        1021651.6       -934.44134       -9.1558392        2.6383819       -2.3759615
   5.4177127e+08        314898.37        1021651.6       -934.44134       -9.0739133        2.8653185       -2.3761856
   5.4177127e+08        314898.37        1021651.6       -934.44134       -9.0326390        3.1030338       -2.3763168
   5.4177127e+08        314898.37        1021651.6       -934.44134       -9.0332705        3.3443051       -2.3763509
   5.4177127e+08        314898.37        1021651.6       -934.44134       -9.0757887        3.5818013       -2.3762869
   5.4177127e+08        314898.37        1021651.6       -934.44134       -9.1589015        3.8083060       -2.3761269
   5.4177127e+08        314898.37        1021651.6       -934.44134       -9.2800836        4.0169372       -2.3758756
   5.4177127e+08        314898.37        1021651.6       -934.44134       -9.4356531        4.2013557       -2.3755406
   5.4177127e+08        314898.37        1021651.6       -934.44134       -9.6208832        4.3559583       -2.3751323
   5.4177127e+08        314898.37        1021651.6       -934.44134       -9.8301453        4.4760470       -2.3746629
   5.4177127e+08        314898.37        1021651.6       -934.44134       -10.057081        4.5579732       -2.3741468
   5.4177127e+08        314898.37        1021651.6       -934.44134       -10.294796        4.5992476       -2.3735996
   5.4177127e+08        314898.37        1021651.6       -934.44134       -10.536067        4.5986161       -2.3730379
   5.4177127e+08        314898.37        1021651.6       -934.44134       -10.773562        4.5560979       -2.3724788
   5.4177127e+08        314898.37        1021651.6       -934.44134       -11.000066        4.4729849       -2.3719394
   5.4177127e+08        314898.37        1021651.6       -934.44134       -11.208697        4.3518023       -2.3714359
   5.4177127e+08        314898.37        1021651.6       -934.44134       -11.393115        4.1962324       -2.3709837
   5.4177127e+08        314898.37        1021651.6       -934.44134       -11.547717        4.0110021       -2.3705966
   5.4177127e+08        314898.37        1021651.6       -934.44134       -11.667805        3.8017394       -2.3702862
   5.4177127e+08        314898.37        1021651.6       -934.44134       -11.749731        3.5748027       -2.3700620
   5.4177127e+08        314898.37        1021651.6       -934.44134       -11.791005        3.3370874       -2.3699309
   5.4177127e+08        314898.37        1021651.6       -934.44134       -11.790374        3.0958163       -2.3698968
   5.4177127e+08        314898.37        1021651.6       -934.44134       -11.747855        2.8583203       -2.3699608
   5.4177127e+08        314898.37        1021651.6       -934.44134       -11.664743        2.6318156       -2.3701208
   5.4177127e+08        314898.37        1021651.6       -934.44134       -11.543560        2.4231839       -2.3703721
   5.4177127e+08        314898.37        1021651.6       -934.44134       -11.387990        2.2387654       -2.3707070
   5.4177127e+08        314898.37        1021651.6       -934.44134       -11.202761        2.0841632       -2.3711154
   5.4177127e+08        314898.37        1021651.6       -934.44134       -10.993498        1.9640746       -2.3715848
   5.4177127e+08        314898.37        1021651.6       -934.44134       -10.867224        1.5001146       -2.0950335
   5.4177127e+08        314898.37        1021651.6       -934.44134       -10.561624        1.4470531       -2.0957370
   5.4177127e+08        314898.37        1021651.6       -934.44134       -10.251453        1.4478648       -2.0964591
   5.4177127e+08        314898.37        1021651.6       -934.44134       -9.9461342        1.5025251       -2.0971778
   5.4177127e+08        314898.37        1021651.6       -934.44134       -9.6549460        1.6093730       -2.0978713
   5.4177127e+08        314898.37        1021651.6       -934.44134       -9.3867357        1.7651621       -2.0985185
   5.4177127e+08        314898.37        1021651.6       -934.44134       -9.1496523        1.9651589       -2.0990999
   5.4177127e+08        314898.37        1021651.6       -934.44134       -8.9508998        2.2032864       -2.0995976
   5.4177127e+08        314898.37        1021651.6       -934.44134       -8.7965171        2.4723095       -2.0999966
   5.4177127e+08        314898.37        1021651.6       -934.44134       -8.6911952        2.7640536       -2.1002848
   5.4177127e+08        314898.37        1021651.6       -934.44134       -8.6381340        3.0696546       -2.1004533
   5.4177127e+08        314898.37        1021651.6       -934.44134       -8.6389458        3.3798270       -2.1004972
   5.4177127e+08        314898.37        1021651.6       -934.44134       -8.6936061        3.6851463       -2.1004149
   5.4177127e+08        314898.37        1021651.6       -934.44134       -8.8004539        3.9763352       -2.1002092
   5.4177127e+08        314898.37        1021651.6       -934.44134       -8.9562427        4.2445463       -2.0998861
   5.4177127e+08        314898.37        1021651.6       -934.44134       -9.1562389        4.4816303       -2.0994556
   5.4177127e+08        314898.37        1021651.6       -934.44134       -9.3943662        4.6803835       -2.0989306
   5.4177127e+08        314898.37        1021651.6       -934.44134       -9.6633885        4.8347666       -2.0983272
   5.4177127e+08        314898.37        1021651.6       -934.44134       -9.9551319        4.9400889       -2.0976637
   5.4177127e+08        314898.37        1021651.6       -934.44134       -10.260732        4.9931503       -2.0969602
   5.4177127e+08        314898.37        1021651.6       -934.44134       -10.570903        4.9923385       -2.0962381
   5.4177127e+08        314898.37        1021651.6       -934.44134       -10.876222        4.9376781       -2.0955194
   5.4177127e+08        314898.37        1021651.6       -934.44134       -11.167410        4.8308301       -2.0948259
   5.4177127e+08        314898.37        1021651.6       -934.44134       -11.435621        4.6750407       -2.0941786
   5.4177127e+08        314898.37        1021651.6       -934.44134       -11.672704        4.4750439       -2.0935973
   5.4177127e+08        314898.37        1021651.6       -934.44134       -11.871456        4.2369163       -2.0930996
   5.4177127e+08        314898.37        1021651.6       -934.44134       -12.025839        3.9678933       -2.0927006
   5.4177127e+08        314898.37        1021651.6       -934.44134       -12.131161        3.6761491       -2.0924124
   5.4177127e+08        314898.37        1021651.6       -934.44134       -12.184222        3.3705481       -2.0922438
   5.4177127e+08        314898.37        1021651.6       -934.44134       -12.183410        3.0603759       -2.0922000
   5.4177127e+08        314898.37        1021651.6       -934.44134       -12.128750        2.7550569       -2.0922822
   5.4177127e+08        314898.37        1021651.6       -934.44134       -12.021902        2.4638680       -2.0924880
   5.4177127e+08        314898.37        1021651.6       -934.44134       -11.866112        2.1956562       -2.0928110
   5.4177127e+08        314898.37        1021651.6       -934.44134       -11.666116        1.9585724       -2.0932416
   5.4177127e+08        314898.37        1021651.6       -934.44134       -11.427989        1.7598195       -2.0937666
   5.4177127e+08        314898.37        1021651.6       -934.44134       -11.158967        1.6054365       -2.0943700
   5.4177127e+08        314898.37        1021651.6       -934.44134       -10.953879        1.1703512       -1.7535721
   5.4177127e+08        314898.37        1021651.6       -934.44134       -10.589678        1.1071150       -1.7544105
   5.4177127e+08        314898.37        1021651.6       -934.44134       -10.220030        1.1080823       -1.7552711
   5.4177127e+08        314898.37        1021651.6       -934.44134       -9.8561663        1.1732239       -1.7561276
   5.4177127e+08        314898.37        1021651.6       -934.44134       -9.5091417        1.3005603       -1.7569541
   5.4177127e+08        314898.37        1021651.6       -934.44134       -9.1895010        1.4862225       -1.7577255
   5.4177127e+08        314898.37        1021651.6       -934.44134       -8.9069560        1.7245694       -1.7584183
   5.4177127e+08        314898.37        1021651.6       -934.44134       -8.6700921        2.0083587       -1.7590114
   5.4177127e+08        314898.37        1021651.6       -934.44134       -8.4861060        2.3289679       -1.7594869
   5.4177127e+08        314898.37        1021651.6       -934.44134       -8.3605881        2.6766551       -1.7598303
   5.4177127e+08        314898.37        1021651.6       -934.44134       -8.2973523        3.0408562       -1.7600312
   5.4177127e+08        314898.37        1021651.6       -934.44134       -8.2983198        3.4105053       -1.7600835
   5.4177127e+08        314898.37        1021651.6       -934.44134       -8.3634614        3.7743706       -1.7599855
   5.4177127e+08        314898.37        1021651.6       -934.44134       -8.4907976        4.1213960       -1.7597403
   5.4177127e+08        314898.37        1021651.6       -934.44134       -8.6764595        4.4410376       -1.7593553
   5.4177127e+08        314898.37        1021651.6       -934.44134       -8.9148057        4.7235832       -1.7588421
   5.4177127e+08        314898.37        1021651.6       -934.44134       -9.1985947        4.9604481       -1.7582165
   5.4177127e+08        314898.37        1021651.6       -934.44134       -9.5192030        5.1444347       -1.7574974
   5.4177127e+08        314898.37        1021651.6       -934.44134       -9.8668893        5.2699529       -1.7567066
   5.4177127e+08        314898.37        1021651.6       -934.44134       -10.231089        5.3331890       -1.7558683
   5.4177127e+08        314898.37        1021651.6       -934.44134       -10.600737        5.3322216       -1.7550077
   5.4177127e+08        314898.37        1021651.6       -934.44134       -10.964602        5.2670799       -1.7541512
   5.4177127e+08        314898.37        1021651.6       -934.44134       -11.311626        5.1397433       -1.7533247
   5.4177127e+08        314898.37        1021651.6       -934.44134       -11.631267        4.9540808       -1.7525533
   5.4177127e+08        314898.37        1021651.6       -934.44134       -11.913812        4.7157338       -1.7518605
   5.4177127e+08        314898.37        1021651.6       -934.44134       -12.150676        4.4319445       -1.7512674
   5.4177127e+08        314898.37        1021651.6       -934.44134       -12.334662        4.1113354       -1.7507918
   5.4177127e+08        314898.37        1021651.6       -934.44134       -12.460179        3.7636482       -1.7504484
   5.4177127e+08        314898.37        1021651.6       -934.44134       -12.523415        3.3994471       -1.7502475
   5.4177127e+08        314898.37        1021651.6       -934.44134       -12.522447        3.0297982       -1.7501953
   5.4177127e+08        314898.37        1021651.6       -934.44134       -12.457306        2.6659332       -1.7502933
   5.4177127e+08        314898.37        1021651.6       -934.44134       -12.329970        2.3189078       -1.7505385
   5.4177127e+08        314898.37        1021651.6       -934.44134       -12.144307        1.9992654       -1.7509235
   5.4177127e+08        314898.37        1021651.6       -934.44134       -11.905961        1.7167199       -1.7514366
   5.4177127e+08        314898.37        1021651.6       -934.44134       -11.622172        1.4798554       -1.7520623
   5.4177127e+08        314898.37        1021651.6       -934.44134       -11.301564        1.2958690       -1.7527814
   5.4177127e+08        314898.37        1021651.6       -934.44134       -11.023893       0.90287786       -1.3580916
   5.4177127e+08        314898.37        1021651.6       -934.44134       -10.612159       0.83138830       -1.3590394
   5.4177127e+08        314898.37        1021651.6       -934.44134       -10.194266       0.83248191       -1.3600123
   5.4177127e+08        314898.37        1021651.6       -934.44134       -9.7829120       0.90612546       -1.3609806
   5.4177127e+08        314898.37        1021651.6       -934.44134       -9.3905952        1.0500813       -1.3619150
   5.4177127e+08        314898.37        1021651.6       -934.44134       -9.0292363        1.2599754       -1.3627870
   5.4177127e+08        314898.37        1021651.6       -934.44134       -8.7098147        1.5294304       -1.3635702
   5.4177127e+08        314898.37        1021651.6       -934.44134       -8.4420363        1.8502587       -1.3642408
   5.4177127e+08        314898.37        1021651.6       -934.44134       -8.2340370        2.2127125       -1.3647784
   5.4177127e+08        314898.37        1021651.6       -934.44134       -8.0921371        2.6057784       -1.3651666
   5.4177127e+08        314898.37        1021651.6       -934.44134       -8.0206480        3.0175135       -1.3653937
   5.4177127e+08        314898.37        1021651.6       -934.44134       -8.0217418        3.4354077       -1.3654528
   5.4177127e+08        314898.37        1021651.6       -934.44134       -8.0953854        3.8467632       -1.3653420
   5.4177127e+08        314898.37        1021651.6       -934.44134       -8.2393410        4.2390810       -1.3650648
   5.4177127e+08        314898.37        1021651.6       -934.44134       -8.4492347        4.6004409       -1.3646296
   5.4177127e+08        314898.37        1021651.6       -934.44134       -8.7186889        4.9198632       -1.3640495
   5.4177127e+08        314898.37        1021651.6       -934.44134       -9.0395169        5.1876427       -1.3633422
   5.4177127e+08        314898.37        1021651.6       -934.44134       -9.4019697        5.3956425       -1.3625292
   5.4177127e+08        314898.37        1021651.6       -934.44134       -9.7950346        5.5375428       -1.3616352
   5.4177127e+08        314898.37        1021651.6       -934.44134       -10.206769        5.6090323       -1.3606874
   5.4177127e+08        314898.37        1021651.6       -934.44134       -10.624661        5.6079386       -1.3597146
   5.4177127e+08        314898.37        1021651.6       -934.44134       -11.036016        5.5342948       -1.3587463
   5.4177127e+08        314898.37        1021651.6       -934.44134       -11.428333        5.3903389       -1.3578119
   5.4177127e+08        314898.37        1021651.6       -934.44134       -11.789692        5.1804443       -1.3569398
   5.4177127e+08        314898.37        1021651.6       -934.44134       -12.109113        4.9109894       -1.3561566
   5.4177127e+08        314898.37        1021651.6       -934.44134       -12.376891        4.5901610       -1.3554861
   5.4177127e+08        314898.37        1021651.6       -934.44134       -12.584890        4.2277073       -1.3549485
   5.4177127e+08        314898.37        1021651.6       -934.44134       -12.726790        3.8346414       -1.3545602
   5.4177127e+08        314898.37        1021651.6       -934.44134       -12.798279        3.4229063       -1.3543331
   5.4177127e+08        314898.37        1021651.6       -934.44134       -12.797185        3.0050123       -1.3542741
   5.4177127e+08        314898.37        1021651.6       -934.44134       -12.723542        2.5936571       -1.3543848
   5.4177127e+08        314898.37        1021651.6       -934.44134       -12.579586        2.2013393       -1.3546621
   5.4177127e+08        314898.37        1021651.6       -934.44134       -12.369692        1.8399785       -1.3550973
   5.4177127e+08        314898.37        1021651.6       -934.44134       -12.100237        1.5205564       -1.3556774
   5.4177127e+08        314898.37        1021651.6       -934.44134       -11.779410        1.2527773       -1.3563847
   5.4177127e+08        314898.37        1021651.6       -934.44134       -11.416957        1.0447777       -1.3571977
   5.4177127e+08        314898.37        1021651.6       -934.44134       -11.075141       0.70582170      -0.92060858
   5.4177127e+08        314898.37        1021651.6       -934.44134       -10.628383       0.62825098      -0.92163701
   5.4177127e+08        314898.37        1021651.6       -934.44134       -10.174943       0.62943762      -0.92269261
   5.4177127e+08        314898.37        1021651.6       -934.44134       -9.7285974       0.70934555      -0.92374331
   5.4177127e+08        314898.37        1021651.6       -934.44134       -9.3029087       0.86554682      -0.92475717
   5.4177127e+08        314898.37        1021651.6       -934.44134       -8.9108113        1.0932952      -0.92570339
   5.4177127e+08        314898.37        1021651.6       -934.44134       -8.5642186        1.3856710      -0.92655322
   5.4177127e+08        314898.37        1021651.6       -934.44134       -8.2736619        1.7337901      -0.92728084
   5.4177127e+08        314898.37        1021651.6       -934.44134       -8.0479695        2.1270756      -0.92786415
   5.4177127e+08        314898.37        1021651.6       -934.44134       -7.8939991        2.5535771      -0.92828541
   5.4177127e+08        314898.37        1021651.6       -934.44134       -7.8164288        3.0003358      -0.92853183
   5.4177127e+08        314898.37        1021651.6       -934.44134       -7.8176157        3.4537776      -0.92859592
   5.4177127e+08        314898.37        1021651.6       -934.44134       -7.8975236        3.9001245      -0.92847574
   5.4177127e+08        314898.37        1021651.6       -934.44134       -8.0537247        4.3258143      -0.92817493
   5.4177127e+08        314898.37        1021651.6       -934.44134       -8.2814727        4.7179127      -0.92770263
   5.4177127e+08        314898.37        1021651.6       -934.44134       -8.5738476        5.0645063      -0.92707320
   5.4177127e+08        314898.37        1021651.6       -934.44134       -8.9219664        5.3550641      -0.92630576
   5.4177127e+08        314898.37        1021651.6       -934.44134       -9.3152507        5.5807571      -0.92542363
   5.4177127e+08        314898.37        1021651.6       -934.44134       -9.7417511        5.7347280      -0.92445361
   5.4177127e+08        314898.37        1021651.6       -934.44134       -10.188509        5.8122985      -0.92342518
   5.4177127e+08        314898.37        1021651.6       -934.44134       -10.641949        5.8111118      -0.92236958
   5.4177127e+08        314898.37        1021651.6       -934.44134       -11.088295        5.7312037      -0.92131889
   5.4177127e+08        314898.37        1021651.6       -934.44134       -11.513983        5.5750023      -0.92030503
   5.4177127e+08        314898.37        1021651.6       -934.44134       -11.906081        5.3472534      -0.91935881
   5.4177127e+08        314898.37        1021651.6       -934.44134       -12.252674        5.0548776      -0.91850897
   5.4177127e+08        314898.37        1021651.6       -934.44134       -12.543230        4.7067584      -0.91778135
   5.4177127e+08        314898.37        1021651.6       -934.44134       -12.768922        4.3134731      -0.91719805
   5.4177127e+08        314898.37        1021651.6       -934.44134       -12.922892        3.8869716      -0.91677679
   5.4177127e+08        314898.37        1021651.6       -934.44134       -13.000463        3.4402128      -0.91653037
   5.4177127e+08        314898.37        1021651.6       -934.44134       -12.999276        2.9867713      -0.91646627
   5.4177127e+08        314898.37        1021651.6       -934.44134       -12.919368        2.5404247      -0.91658646
   5.4177127e+08        314898.37        1021651.6       -934.44134       -12.763167        2.1147350      -0.91688727
   5.4177127e+08        314898.37        1021651.6       -934.44134       -12.535418        1.7226355      -0.91735957
   5.4177127e+08        314898.37        1021651.6       -934.44134       -12.243043        1.3760422      -0.91798900
   5.4177127e+08        314898.37        1021651.6       -934.44134       -11.894924        1.0854849      -0.91875644
   5.4177127e+08        314898.37        1021651.6       -934.44134       -11.501640       0.85979204      -0.91963857
   5.4177127e+08        314898.37        1021651.6       -934.44134       -11.106065       0.58517018      -0.45441567
   5.4177127e+08        314898.37        1021651.6       -934.44134       -10.637858       0.50387526      -0.45549348
   5.4177127e+08        314898.37        1021651.6       -934.44134       -10.162647       0.50511886      -0.45659976
   5.4177127e+08        314898.37        1021651.6       -934.44134       -9.6948726       0.58886322      -0.45770090
   5.4177127e+08        314898.37        1021651.6       -934.44134       -9.2487464       0.75256379      -0.45876343
   5.4177127e+08        314898.37        1021651.6       -934.44134       -8.8378242       0.99124653      -0.45975508
   5.4177127e+08        314898.37        1021651.6       -934.44134       -8.4745913        1.2976595      -0.46064572
   5.4177127e+08        314898.37        1021651.6       -934.44134       -8.1700849        1.6624919      -0.46140827
   5.4177127e+08        314898.37        1021651.6       -934.44134       -7.9335569        2.0746592      -0.46201958
   5.4177127e+08        314898.37        1021651.6       -934.44134       -7.7721943        2.5216373      -0.46246107
   5.4177127e+08        314898.37        1021651.6       -934.44134       -7.6908998        2.9898452      -0.46271932
   5.4177127e+08        314898.37        1021651.6       -934.44134       -7.6921436        3.4650569      -0.46278649
   5.4177127e+08        314898.37        1021651.6       -934.44134       -7.7758880        3.9328332      -0.46266053
   5.4177127e+08        314898.37        1021651.6       -934.44134       -7.9395883        4.3789605      -0.46234528
   5.4177127e+08        314898.37        1021651.6       -934.44134       -8.1782706        4.7898839      -0.46185031
   5.4177127e+08        314898.37        1021651.6       -934.44134       -8.4846827        5.1531175      -0.46119066
   5.4177127e+08        314898.37        1021651.6       -934.44134       -8.8495149        5.4576252      -0.46038638
   5.4177127e+08        314898.37        1021651.6       -934.44134       -9.2616809        5.6941538      -0.45946190
   5.4177127e+08        314898.37        1021651.6       -934.44134       -9.7086578        5.8555170      -0.45844531
   5.4177127e+08        314898.37        1021651.6       -934.44134       -10.176864        5.9368117      -0.45736750
   5.4177127e+08        314898.37        1021651.6       -934.44134       -10.652075        5.9355680      -0.45626122
   5.4177127e+08        314898.37        1021651.6       -934.44134       -11.119850        5.8518234      -0.45516008
   5.4177127e+08        314898.37        1021651.6       -934.44134       -11.565976        5.6881227      -0.45409755
   5.4177127e+08        314898.37        1021651.6       -934.44134       -11.976899        5.4494395      -0.45310590
   5.4177127e+08        314898.37        1021651.6       -934.44134       -12.340131        5.1430266      -0.45221526
   5.4177127e+08        314898.37        1021651.6       -934.44134       -12.644637        4.7781940      -0.45145271
   5.4177127e+08        314898.37        1021651.6       -934.44134       -12.881165        4.3660269      -0.45084140
   5.4177127e+08        314898.37        1021651.6       -934.44134       -13.042528        3.9190488      -0.45039991
   5.4177127e+08        314898.37        1021651.6       -934.44134       -13.123822        3.4508408      -0.45014166
   5.4177127e+08        314898.37        1021651.6       -934.44134       -13.122578        2.9756294      -0.45007449
   5.4177127e+08        314898.37        1021651.6       -934.44134       -13.038833        2.5078535      -0.45020045
   5.4177127e+08        314898.37        1021651.6       -934.44134       -12.875133        2.0617262      -0.45051570
   5.4177127e+08        314898.37        1021651.6       -934.44134       -12.636450        1.6508018      -0.45101067
   5.4177127e+08        314898.37        1021651.6       -934.44134       -12.330038        1.2875683      -0.45167032
   5.4177127e+08        314898.37        1021651.6       -934.44134       -11.965206       0.98306118      -0.45247460
   5.4177127e+08        314898.37        1021651.6       -934.44134       -11.553040       0.74653273      -0.45339909
   5.4177127e+08        314898.37        1021651.6       -934.44134       -11.115724       0.54458925      0.026322052
   5.4177127e+08        314898.37        1021651.6       -934.44134       -10.640295       0.46204022      0.025227616
   5.4177127e+08        314898.37        1021651.6       -934.44134       -10.157753       0.46330301      0.024104271
   5.4177127e+08        314898.37        1021651.6       -934.44134       -9.6827624       0.54833926      0.022986148
   5.4177127e+08        314898.37        1021651.6       -934.44134       -9.2297540       0.71456518      0.021907221
   5.4177127e+08        314898.37        1021651.6       -934.44134       -8.8124927       0.95692998      0.020900273
   5.4177127e+08        314898.37        1021651.6       -934.44134       -8.4436563        1.2680698      0.019995899
   5.4177127e+08        314898.37        1021651.6       -934.44134       -8.1344525        1.6385304      0.019221578
   5.4177127e+08        314898.37        1021651.6       -934.44134       -7.8942756        2.0570561      0.018600838
   5.4177127e+08        314898.37        1021651.6       -934.44134       -7.7304237        2.5109295      0.018152540
   5.4177127e+08        314898.37        1021651.6       -934.44134       -7.6478751        2.9863602      0.017890305
   5.4177127e+08        314898.37        1021651.6       -934.44134       -7.6491381        3.4689029      0.017822100
   5.4177127e+08        314898.37        1021651.6       -934.44134       -7.7341744        3.9438954      0.017949999
   5.4177127e+08        314898.37        1021651.6       -934.44134       -7.9004001        4.3969049      0.018270114
   5.4177127e+08        314898.37        1021651.6       -934.44134       -8.1427644        4.8141674      0.018772720
   5.4177127e+08        314898.37        1021651.6       -934.44134       -8.4539034        5.1830046      0.019442545
   5.4177127e+08        314898.37        1021651.6       -934.44134       -8.8243637        5.4922098      0.020259237
   5.4177127e+08        314898.37        1021651.6       -934.44134       -9.2428880        5.7323872      0.021197980
   5.4177127e+08        314898.37        1021651.6       -934.44134       -9.6967603        5.8962396      0.022230252
   5.4177127e+08        314898.37        1021651.6       -934.44134       -10.172190        5.9787885      0.023324688
   5.4177127e+08        314898.37        1021651.6       -934.44134       -10.654731        5.9775256      0.024448033
   5.4177127e+08        314898.37        1021651.6       -934.44134       -11.129722        5.8924891      0.025566158
   5.4177127e+08        314898.37        1021651.6       -934.44134       -11.582731        5.7262631      0.026645084
   5.4177127e+08        314898.37        1021651.6       -934.44134       -11.999992        5.4838978      0.027652033
   5.4177127e+08        314898.37        1021651.6       -934.44134       -12.368828        5.1727580      0.028556406
   5.4177127e+08        314898.37        1021651.6       -934.44134       -12.678032        4.8022972      0.029330726
   5.4177127e+08        314898.37        1021651.6       -934.44134       -12.918209        4.3837717      0.029951465
   5.4177127e+08        314898.37        1021651.6       -934.44134       -13.082060        3.9298983      0.030399763
   5.4177127e+08        314898.37        1021651.6       -934.44134       -13.164609        3.4544675      0.030661998
   5.4177127e+08        314898.37        1021651.6       -934.44134       -13.163346        2.9719252      0.030730203
   5.4177127e+08        314898.37        1021651.6       -934.44134       -13.078309        2.4969330      0.030602304
   5.4177127e+08        314898.37        1021651.6       -934.44134       -12.912084        2.0439235      0.030282188
   5.4177127e+08        314898.37        1021651.6       -934.44134       -12.669718        1.6266599      0.029779581
   5.4177127e+08        314898.37        1021651.6       -934.44134       -12.358579        1.2578230      0.029109756
   5.4177127e+08        314898.37        1021651.6       -934.44134       -11.988119       0.94861836      0.028293064
   5.4177127e+08        314898.37        1021651.6       -934.44134       -11.569595       0.70844107      0.027354320
   5.4177127e+08        314898.37        1021651.6       -934.44134       -11.103827       0.58531193       0.50699761
   5.4177127e+08        314898.37        1021651.6       -934.44134       -10.635620       0.50401700       0.50591980
   5.4177127e+08        314898.37        1021651.6       -934.44134       -10.160410       0.50526061       0.50481352
   5.4177127e+08        314898.37        1021651.6       -934.44134       -9.6926348       0.58900497       0.50371239
   5.4177127e+08        314898.37        1021651.6       -934.44134       -9.2465086       0.75270554       0.50264985
   5.4177127e+08        314898.37        1021651.6       -934.44134       -8.8355864       0.99138828       0.50165820
   5.4177127e+08        314898.37        1021651.6       -934.44134       -8.4723536        1.2978012       0.50076757
   5.4177127e+08        314898.37        1021651.6       -934.44134       -8.1678472        1.6626337       0.50000501
   5.4177127e+08        314898.37        1021651.6       -934.44134       -7.9313191        2.0748010       0.49939370
   5.4177127e+08        314898.37        1021651.6       -934.44134       -7.7699565        2.5217790       0.49895221
   5.4177127e+08        314898.37        1021651.6       -934.44134       -7.6886620        2.9899869       0.49869396
   5.4177127e+08        314898.37        1021651.6       -934.44134       -7.6899058        3.4651987       0.49862679
   5.4177127e+08        314898.37        1021651.6       -934.44134       -7.7736503        3.9329750       0.49875275
   5.4177127e+08        314898.37        1021651.6       -934.44134       -7.9373506        4.3791023       0.49906800
   5.4177127e+08        314898.37        1021651.6       -934.44134       -8.1760329        4.7900256       0.49956297
   5.4177127e+08        314898.37        1021651.6       -934.44134       -8.4824449        5.1532593       0.50022262
   5.4177127e+08        314898.37        1021651.6       -934.44134       -8.8472771        5.4577670       0.50102690
   5.4177127e+08        314898.37        1021651.6       -934.44134       -9.2594431        5.6942956       0.50195139
   5.4177127e+08        314898.37        1021651.6       -934.44134       -9.7064200        5.8556587       0.50296798
   5.4177127e+08        314898.37        1021651.6       -934.44134       -10.174627        5.9369535       0.50404578
   5.4177127e+08        314898.37        1021651.6       -934.44134       -10.649837        5.9357097       0.50515206
   5.4177127e+08        314898.37        1021651.6       -934.44134       -11.117612        5.8519652       0.50625320
   5.4177127e+08        314898.37        1021651.6       -934.44134       -11.563738        5.6882645       0.50731574
   5.4177127e+08        314898.37        1021651.6       -934.44134       -11.974661        5.4495812       0.50830739
   5.4177127e+08        314898.37        1021651.6       -934.44134       -12.337893        5.1431683       0.50919802
   5.4177127e+08        314898.37        1021651.6       -934.44134       -12.642400        4.7783357       0.50996058
   5.4177127e+08        314898.37        1021651.6       -934.44134       -12.878927        4.3661686       0.51057189
   5.4177127e+08        314898.37        1021651.6       -934.44134       -13.040290        3.9191905       0.51101337
   5.4177127e+08        314898.37        1021651.6       -934.44134       -13.121584        3.4509826       0.51127162
   5.4177127e+08        314898.37        1021651.6       -934.44134       -13.120340        2.9757711       0.51133879
   5.4177127e+08        314898.37        1021651.6       -934.44134       -13.036596        2.5079952       0.51121284
   5.4177127e+08        314898.37        1021651.6       -934.44134       -12.872895        2.0618679       0.51089758
   5.4177127e+08        314898.37        1021651.6       -934.44134       -12.634212        1.6509435       0.51040261
   5.4177127e+08        314898.37        1021651.6       -934.44134       -12.327800        1.2877100       0.50974296
   5.4177127e+08        314898.37        1021651.6       -934.44134       -11.962968       0.98320293       0.50893868
   5.4177127e+08        314898.37        1021651.6       -934.44134       -11.550802       0.74667447       0.50801420
   5.4177127e+08        314898.37        1021651.6       -934.44134       -11.070733       0.70610089       0.97300592
   5.4177127e+08        314898.37        1021651.6       -934.44134       -10.623976       0.62853017       0.97197749
   5.4177127e+08        314898.37        1021651.6       -934.44134       -10.170535       0.62971681       0.97092189
   5.4177127e+08        314898.37        1021651.6       -934.44134       -9.7241898       0.70962474       0.96987119
   5.4177127e+08        314898.37        1021651.6       -934.44134       -9.2985011       0.86582601       0.96885733
   5.4177127e+08        314898.37        1021651.6       -934.44134       -8.9064037        1.0935744       0.96791111
   5.4177127e+08        314898.37        1021651.6       -934.44134       -8.5598110        1.3859502       0.96706128
   5.4177127e+08        314898.37        1021651.6       -934.44134       -8.2692544        1.7340693       0.96633366
   5.4177127e+08        314898.37        1021651.6       -934.44134       -8.0435619        2.1273548       0.96575035
   5.4177127e+08        314898.37        1021651.6       -934.44134       -7.8895915        2.5538563       0.96532909
   5.4177127e+08        314898.37        1021651.6       -934.44134       -7.8120212        3.0006150       0.96508267
   5.4177127e+08        314898.37        1021651.6       -934.44134       -7.8132081        3.4540568       0.96501858
   5.4177127e+08        314898.37        1021651.6       -934.44134       -7.8931161        3.9004037       0.96513876
   5.4177127e+08        314898.37        1021651.6       -934.44134       -8.0493171        4.3260935       0.96543957
   5.4177127e+08        314898.37        1021651.6       -934.44134       -8.2770651        4.7181919       0.96591187
   5.4177127e+08        314898.37        1021651.6       -934.44134       -8.5694401        5.0647855       0.96654130
   5.4177127e+08        314898.37        1021651.6       -934.44134       -8.9175589        5.3553433       0.96730874
   5.4177127e+08        314898.37        1021651.6       -934.44134       -9.3108431        5.5810363       0.96819087
   5.4177127e+08        314898.37        1021651.6       -934.44134       -9.7373435        5.7350072       0.96916089
   5.4177127e+08        314898.37        1021651.6       -934.44134       -10.184101        5.8125777       0.97018932
   5.4177127e+08        314898.37        1021651.6       -934.44134       -10.637541        5.8113910       0.97124492
   5.4177127e+08        314898.37        1021651.6       -934.44134       -11.083887        5.7314828       0.97229561
   5.4177127e+08        314898.37        1021651.6       -934.44134       -11.509576        5.5752815       0.97330947
   5.4177127e+08        314898.37        1021651.6       -934.44134       -11.901674        5.3475326       0.97425569
   5.4177127e+08        314898.37        1021651.6       -934.44134       -12.248266        5.0551568       0.97510553
   5.4177127e+08        314898.37        1021651.6       -934.44134       -12.538822        4.7070376       0.97583315
   5.4177127e+08        314898.37        1021651.6       -934.44134       -12.764515        4.3137523       0.97641645
   5.4177127e+08        314898.37        1021651.6       -934.44134       -12.918485        3.8872507       0.97683771
   5.4177127e+08        314898.37        1021651.6       -934.44134       -12.996055        3.4404920       0.97708413
   5.4177127e+08        314898.37        1021651.6       -934.44134       -12.994868        2.9870505       0.97714823
   5.4177127e+08        314898.37        1021651.6       -934.44134       -12.914960        2.5407039       0.97702804
   5.4177127e+08        314898.37        1021651.6       -934.44134       -12.758759        2.1150142       0.97672723
   5.4177127e+08        314898.37        1021651.6       -934.44134       -12.531010        1.7229147       0.97625493
   5.4177127e+08        314898.37        1021651.6       -934.44134       -12.238635        1.3763214       0.97562550
   5.4177127e+08        314898.37        1021651.6       -934.44134       -11.890517        1.0857641       0.97485806
   5.4177127e+08        314898.37        1021651.6       -934.44134       -11.497232       0.86007123       0.97397593
   5.4177127e+08        314898.37        1021651.6       -934.44134       -11.017450       0.90328601        1.4101875
   5.4177127e+08        314898.37        1021651.6       -934.44134       -10.605716       0.83179645        1.4092397
   5.4177127e+08        314898.37        1021651.6       -934.44134       -10.187823       0.83289006        1.4082669
   5.4177127e+08        314898.37        1021651.6       -934.44134       -9.7764686       0.90653361        1.4072986
   5.4177127e+08        314898.37        1021651.6       -934.44134       -9.3841518        1.0504895        1.4063642
   5.4177127e+08        314898.37        1021651.6       -934.44134       -9.0227929        1.2603835        1.4054921
   5.4177127e+08        314898.37        1021651.6       -934.44134       -8.7033713        1.5298385        1.4047089
   5.4177127e+08        314898.37        1021651.6       -934.44134       -8.4355929        1.8506668        1.4040384
   5.4177127e+08        314898.37        1021651.6       -934.44134       -8.2275936        2.2131207        1.4035008
   5.4177127e+08        314898.37        1021651.6       -934.44134       -8.0856937        2.6061865        1.4031125
   5.4177127e+08        314898.37        1021651.6       -934.44134       -8.0142046        3.0179216        1.4028854
   5.4177127e+08        314898.37        1021651.6       -934.44134       -8.0152984        3.4358158        1.4028264
   5.4177127e+08        314898.37        1021651.6       -934.44134       -8.0889420        3.8471714        1.4029371
   5.4177127e+08        314898.37        1021651.6       -934.44134       -8.2328976        4.2394891        1.4032144
   5.4177127e+08        314898.37        1021651.6       -934.44134       -8.4427913        4.6008490        1.4036496
   5.4177127e+08        314898.37        1021651.6       -934.44134       -8.7122455        4.9202713        1.4042297
   5.4177127e+08        314898.37        1021651.6       -934.44134       -9.0330735        5.1880509        1.4049370
   5.4177127e+08        314898.37        1021651.6       -934.44134       -9.3955262        5.3960506        1.4057500
   5.4177127e+08        314898.37        1021651.6       -934.44134       -9.7885911        5.5379510        1.4066439
   5.4177127e+08        314898.37        1021651.6       -934.44134       -10.200325        5.6094404        1.4075918
   5.4177127e+08        314898.37        1021651.6       -934.44134       -10.618218        5.6083467        1.4085646
   5.4177127e+08        314898.37        1021651.6       -934.44134       -11.029573        5.5347030        1.4095329
   5.4177127e+08        314898.37        1021651.6       -934.44134       -11.421889        5.3907470        1.4104673
   5.4177127e+08        314898.37        1021651.6       -934.44134       -11.783249        5.1808525        1.4113393
   5.4177127e+08        314898.37        1021651.6       -934.44134       -12.102670        4.9113975        1.4121226
   5.4177127e+08        314898.37        1021651.6       -934.44134       -12.370448        4.5905691        1.4127931
   5.4177127e+08        314898.37        1021651.6       -934.44134       -12.578447        4.2281154        1.4133307
   5.4177127e+08        314898.37        1021651.6       -934.44134       -12.720347        3.8350495        1.4137189
   5.4177127e+08        314898.37        1021651.6       -934.44134       -12.791836        3.4233144        1.4139460
   5.4177127e+08        314898.37        1021651.6       -934.44134       -12.790742        3.0054205        1.4140051
   5.4177127e+08        314898.37        1021651.6       -934.44134       -12.717098        2.5940652        1.4138944
   5.4177127e+08        314898.37        1021651.6       -934.44134       -12.573143        2.2017475        1.4136171
   5.4177127e+08        314898.37        1021651.6       -934.44134       -12.363248        1.8403867        1.4131819
   5.4177127e+08        314898.37        1021651.6       -934.44134       -12.093794        1.5209645        1.4126018
   5.4177127e+08        314898.37        1021651.6       -934.44134       -11.772966        1.2531855        1.4118945
   5.4177127e+08        314898.37        1021651.6       -934.44134       -11.410513        1.0451858        1.4110815
   5.4177127e+08        314898.37        1021651.6       -934.44134       -10.945595        1.1708759        1.8052589
   5.4177127e+08        314898.37        1021651.6       -934.44134       -10.581395        1.1076397        1.8044206
   5.4177127e+08        314898.37        1021651.6       -934.44134       -10.211747        1.1086070        1.8035600
   5.4177127e+08        314898.37        1021651.6       -934.44134       -9.8478828        1.1737486        1.8027035
   5.4177127e+08        314898.37        1021651.6       -934.44134       -9.5008582        1.3010850        1.8018770
   5.4177127e+08        314898.37        1021651.6       -934.44134       -9.1812175        1.4867472        1.8011056
   5.4177127e+08        314898.37        1021651.6       -934.44134       -8.8986725        1.7250941        1.8004128
   5.4177127e+08        314898.37        1021651.6       -934.44134       -8.6618086        2.0088834        1.7998197
   5.4177127e+08        314898.37        1021651.6       -934.44134       -8.4778224        2.3294926        1.7993442
   5.4177127e+08        314898.37        1021651.6       -934.44134       -8.3523046        2.6771798        1.7990007
   5.4177127e+08        314898.37        1021651.6       -934.44134       -8.2890688        3.0413809        1.7987998
   5.4177127e+08        314898.37        1021651.6       -934.44134       -8.2900363        3.4110300        1.7987476
   5.4177127e+08        314898.37        1021651.6       -934.44134       -8.3551779        3.7748953        1.7988456
   5.4177127e+08        314898.37        1021651.6       -934.44134       -8.4825141        4.1219207        1.7990908
   5.4177127e+08        314898.37        1021651.6       -934.44134       -8.6681760        4.4415623        1.7994758
   5.4177127e+08        314898.37        1021651.6       -934.44134       -8.9065222        4.7241079        1.7999889
   5.4177127e+08        314898.37        1021651.6       -934.44134       -9.1903112        4.9609728        1.8006146
   5.4177127e+08        314898.37        1021651.6       -934.44134       -9.5109195        5.1449594        1.8013337
   5.4177127e+08        314898.37        1021651.6       -934.44134       -9.8586058        5.2704776        1.8021244
   5.4177127e+08        314898.37        1021651.6       -934.44134       -10.222806        5.3337137        1.8029628
   5.4177127e+08        314898.37        1021651.6       -934.44134       -10.592454        5.3327463        1.8038234
   5.4177127e+08        314898.37        1021651.6       -934.44134       -10.956318        5.2676046        1.8046799
   5.4177127e+08        314898.37        1021651.6       -934.44134       -11.303343        5.1402680        1.8055064
   5.4177127e+08        314898.37        1021651.6       -934.44134       -11.622984        4.9546055        1.8062778
   5.4177127e+08        314898.37        1021651.6       -934.44134       -11.905528        4.7162585        1.8069706
   5.4177127e+08        314898.37        1021651.6       -934.44134       -12.142392        4.4324692        1.8075637
   5.4177127e+08        314898.37        1021651.6       -934.44134       -12.326378        4.1118601        1.8080392
   5.4177127e+08        314898.37        1021651.6       -934.44134       -12.451896        3.7641729        1.8083827
   5.4177127e+08        314898.37        1021651.6       -934.44134       -12.515132        3.3999718        1.8085835
   5.4177127e+08        314898.37        1021651.6       -934.44134       -12.514164        3.0303230        1.8086358
   5.4177127e+08        314898.37        1021651.6       -934.44134       -12.449022        2.6664579        1.8085378
   5.4177127e+08        314898.37        1021651.6       -934.44134       -12.321686        2.3194325        1.8082926
   5.4177127e+08        314898.37        1021651.6       -934.44134       -12.136024        1.9997901        1.8079076
   5.4177127e+08        314898.37        1021651.6       -934.44134       -11.897677        1.7172446        1.8073944
   5.4177127e+08        314898.37        1021651.6       -934.44134       -11.613888        1.4803801        1.8067688
   5.4177127e+08        314898.37        1021651.6       -934.44134       -11.293280        1.2963937        1.8060497
   5.4177127e+08        314898.37        1021651.6       -934.44134       -10.857352        1.5007399        2.1462160
   5.4177127e+08        314898.37        1021651.6       -934.44134       -10.551752        1.4476784        2.1455125
   5.4177127e+08        314898.37        1021651.6       -934.44134       -10.241581        1.4484901        2.1447904
   5.4177127e+08        314898.37        1021651.6       -934.44134       -9.9362623        1.5031504        2.1440717
   5.4177127e+08        314898.37        1021651.6       -934.44134       -9.6450741        1.6099983        2.1433782
   5.4177127e+08        314898.37        1021651.6       -934.44134       -9.3768638        1.7657874        2.1427309
   5.4177127e+08        314898.37        1021651.6       -934.44134       -9.1397804        1.9657842        2.1421496
   5.4177127e+08        314898.37        1021651.6       -934.44134       -8.9410279        2.2039117        2.1416519
   5.4177127e+08        314898.37        1021651.6       -934.44134       -8.7866452        2.4729348        2.1412529
   5.4177127e+08        314898.37        1021651.6       -934.44134       -8.6813233        2.7646790        2.1409647
   5.4177127e+08        314898.37        1021651.6       -934.44134       -8.6282621        3.0702799        2.1407961
   5.4177127e+08        314898.37        1021651.6       -934.44134       -8.6290739        3.3804524        2.1407523
   5.4177127e+08        314898.37        1021651.6       -934.44134       -8.6837342        3.6857716        2.1408345
   5.4177127e+08        314898.37        1021651.6       -934.44134       -8.7905820        3.9769605        2.1410403
   5.4177127e+08        314898.37        1021651.6       -934.44134       -8.9463708        4.2451717        2.1413633
   5.4177127e+08        314898.37        1021651.6       -934.44134       -9.1463670        4.4822556        2.1417939
   5.4177127e+08        314898.37        1021651.6       -934.44134       -9.3844943        4.6810088        2.1423189
   5.4177127e+08        314898.37        1021651.6       -934.44134       -9.6535166        4.8353919        2.1429223
   5.4177127e+08        314898.37        1021651.6       -934.44134       -9.9452600        4.9407142        2.1435858
   5.4177127e+08        314898.37        1021651.6       -934.44134       -10.250860        4.9937756        2.1442893
   5.4177127e+08        314898.37        1021651.6       -934.44134       -10.561032        4.9929638        2.1450114
   5.4177127e+08        314898.37        1021651.6       -934.44134       -10.866350        4.9383034        2.1457301
   5.4177127e+08        314898.37        1021651.6       -934.44134       -11.157538        4.8314554        2.1464236
   5.4177127e+08        314898.37        1021651.6       -934.44134       -11.425749        4.6756660        2.1470709
   5.4177127e+08        314898.37        1021651.6       -934.44134       -11.662832        4.4756692        2.1476522
   5.4177127e+08        314898.37        1021651.6       -934.44134       -11.861584        4.2375416        2.1481499
   5.4177127e+08        314898.37        1021651.6       -934.44134       -12.015967        3.9685187        2.1485489
   5.4177127e+08        314898.37        1021651.6       -934.44134       -12.121289        3.6767744        2.1488371
   5.4177127e+08        314898.37        1021651.6       -934.44134       -12.174350        3.3711735        2.1490056
   5.4177127e+08        314898.37        1021651.6       -934.44134       -12.173538        3.0610012        2.1490495
   5.4177127e+08        314898.37        1021651.6       -934.44134       -12.118878        2.7556822        2.1489673
   5.4177127e+08        314898.37        1021651.6       -934.44134       -12.012030        2.4644933        2.1487615
   5.4177127e+08        314898.37        1021651.6       -934.44134       -11.856240        2.1962815        2.1484384
   5.4177127e+08        314898.37        1021651.6       -934.44134       -11.656244        1.9591977        2.1480079
   5.4177127e+08        314898.37        1021651.6       -934.44134       -11.418117        1.7604448        2.1474829
   5.4177127e+08        314898.37        1021651.6       -934.44134       -11.149095        1.6060618        2.1468795
   5.4177127e+08        314898.37        1021651.6       -934.44134       -10.755403        1.8828556        2.4226991
   5.4177127e+08        314898.37        1021651.6       -934.44134       -10.517688        1.8415811        2.4221519
   5.4177127e+08        314898.37        1021651.6       -934.44134       -10.276418        1.8422125        2.4215902
   5.4177127e+08        314898.37        1021651.6       -934.44134       -10.038922        1.8847306        2.4210311
   5.4177127e+08        314898.37        1021651.6       -934.44134       -9.8124179        1.9678435        2.4204917
   5.4177127e+08        314898.37        1021651.6       -934.44134       -9.6037873        2.0890259        2.4199882
   5.4177127e+08        314898.37        1021651.6       -934.44134       -9.4193692        2.2445958        2.4195360
   5.4177127e+08        314898.37        1021651.6       -934.44134       -9.2647673        2.4298261        2.4191489
   5.4177127e+08        314898.37        1021651.6       -934.44134       -9.1446789        2.6390888        2.4188385
   5.4177127e+08        314898.37        1021651.6       -934.44134       -9.0627529        2.8660255        2.4186143
   5.4177127e+08        314898.37        1021651.6       -934.44134       -9.0214787        3.1037408        2.4184832
   5.4177127e+08        314898.37        1021651.6       -934.44134       -9.0221102        3.3450121        2.4184491
   5.4177127e+08        314898.37        1021651.6       -934.44134       -9.0646283        3.5825082        2.4185131
   5.4177127e+08        314898.37        1021651.6       -934.44134       -9.1477411        3.8090129        2.4186731
   5.4177127e+08        314898.37        1021651.6       -934.44134       -9.2689233        4.0176441        2.4189244
   5.4177127e+08        314898.37        1021651.6       -934.44134       -9.4244927        4.2020627        2.4192593
   5.4177127e+08        314898.37        1021651.6       -934.44134       -9.6097228        4.3566652        2.4196677
   5.4177127e+08        314898.37        1021651.6       -934.44134       -9.8189849        4.4767539        2.4201371
   5.4177127e+08        314898.37        1021651.6       -934.44134       -10.045921        4.5586801        2.4206532
   5.4177127e+08        314898.37        1021651.6       -934.44134       -10.283636        4.5999545        2.4212004
   5.4177127e+08        314898.37        1021651.6       -934.44134       -10.524906        4.5993231        2.4217621
   5.4177127e+08        314898.37        1021651.6       -934.44134       -10.762402        4.5568048        2.4223211
   5.4177127e+08        314898.37        1021651.6       -934.44134       -10.988906        4.4736919        2.4228606
   5.4177127e+08        314898.37        1021651.6       -934.44134       -11.197537        4.3525092        2.4233641
   5.4177127e+08        314898.37        1021651.6       -934.44134       -11.381955        4.1969394        2.4238163
   5.4177127e+08        314898.37        1021651.6       -934.44134       -11.536556        4.0117090        2.4242034
   5.4177127e+08        314898.37        1021651.6       -934.44134       -11.656645        3.8024464        2.4245138
   5.4177127e+08        314898.37        1021651.6       -934.44134       -11.738571        3.5755097        2.4247380
   5.4177127e+08        314898.37        1021651.6       -934.44134       -11.779845        3.3377944        2.4248691
   5.4177127e+08        314898.37        1021651.6       -934.44134       -11.779213        3.0965232        2.4249032
   5.4177127e+08        314898.37        1021651.6       -934.44134       -11.736695        2.8590272        2.4248392
   5.4177127e+08        314898.37        1021651.6       -934.44134       -11.653582        2.6325225        2.4246792
   5.4177127e+08        314898.37        1021651.6       -934.44134       -11.532400        2.4238908        2.4244279
   5.4177127e+08        314898.37        1021651.6       -934.44134       -11.376830        2.2394724        2.4240929
   5.4177127e+08        314898.37        1021651.6       -934.44134       -11.191600        2.0848701        2.4236846
   5.4177127e+08        314898.37        1021651.6       -934.44134       -10.982338        1.9647815        2.4232152
   5.4177127e+08        314898.37        1021651.6       -934.44134       -10.642844        2.3056121        2.6263072
   5.4177127e+08        314898.37        1021651.6       -934.44134       -10.480238        2.2773786        2.6259329
   5.4177127e+08        314898.37        1021651.6       -934.44134       -10.315199        2.2778105        2.6255487
   5.4177127e+08        314898.37        1021651.6       -934.44134       -10.152743        2.3068946        2.6251662
   5.4177127e+08        314898.37        1021651.6       -934.44134       -9.9978046        2.3637472        2.6247972
   5.4177127e+08        314898.37        1021651.6       -934.44134       -9.8550929        2.4466409        2.6244528
   5.4177127e+08        314898.37        1021651.6       -934.44134       -9.7289435        2.5530569        2.6241435
   5.4177127e+08        314898.37        1021651.6       -934.44134       -9.6231895        2.6797619        2.6238787
   5.4177127e+08        314898.37        1021651.6       -934.44134       -9.5410442        2.8229060        2.6236664
   5.4177127e+08        314898.37        1021651.6       -934.44134       -9.4850036        2.9781398        2.6235130
   5.4177127e+08        314898.37        1021651.6       -934.44134       -9.4567703        3.1407467        2.6234234
   5.4177127e+08        314898.37        1021651.6       -934.44134       -9.4572023        3.3057859        2.6234000
   5.4177127e+08        314898.37        1021651.6       -934.44134       -9.4862864        3.4682429        2.6234438
   5.4177127e+08        314898.37        1021651.6       -934.44134       -9.5431389        3.6231812        2.6235533
   5.4177127e+08        314898.37        1021651.6       -934.44134       -9.6260324        3.7658934        2.6237252
   5.4177127e+08        314898.37        1021651.6       -934.44134       -9.7324482        3.8920430        2.6239543
   5.4177127e+08        314898.37        1021651.6       -934.44134       -9.8591530        3.9977974        2.6242336
   5.4177127e+08        314898.37        1021651.6       -934.44134       -10.002297        4.0799429        2.6245546
   5.4177127e+08        314898.37        1021651.6       -934.44134       -10.157530        4.1359837        2.6249077
   5.4177127e+08        314898.37        1021651.6       -934.44134       -10.320137        4.1642171        2.6252820
   5.4177127e+08        314898.37        1021651.6       -934.44134       -10.485175        4.1637852        2.6256662
   5.4177127e+08        314898.37        1021651.6       -934.44134       -10.647632        4.1347010        2.6260487
   5.4177127e+08        314898.37        1021651.6       -934.44134       -10.802570        4.0778483        2.6264177
   5.4177127e+08        314898.37        1021651.6       -934.44134       -10.945282        3.9949546        2.6267621
   5.4177127e+08        314898.37        1021651.6       -934.44134       -11.071431        3.8885385        2.6270714
   5.4177127e+08        314898.37        1021651.6       -934.44134       -11.177185        3.7618335        2.6273362
   5.4177127e+08        314898.37        1021651.6       -934.44134       -11.259330        3.6186894        2.6275485
   5.4177127e+08        314898.37        1021651.6       -934.44134       -11.315371        3.4634556        2.6277018
   5.4177127e+08        314898.37        1021651.6       -934.44134       -11.343604        3.3008487        2.6277915
   5.4177127e+08        314898.37        1021651.6       -934.44134       -11.343172        3.1358096        2.6278149
   5.4177127e+08        314898.37        1021651.6       -934.44134       -11.314088        2.9733528        2.6277711
   5.4177127e+08        314898.37        1021651.6       -934.44134       -11.257235        2.8184144        2.6276616
   5.4177127e+08        314898.37        1021651.6       -934.44134       -11.174341        2.6757019        2.6274897
   5.4177127e+08        314898.37        1021651.6       -934.44134       -11.067926        2.5495523        2.6272606
   5.4177127e+08        314898.37        1021651.6       -934.44134       -10.941221        2.4437981        2.6269813
   5.4177127e+08        314898.37        1021651.6       -934.44134       -10.798077        2.3616527        2.6266602
   5.4177127e+08        314898.37        1021651.6       -934.44134       -10.523097        2.7561646        2.7508540
   5.4177127e+08        314898.37        1021651.6       -934.44134       -10.440539        2.7418302        2.7506639
   5.4177127e+08        314898.37        1021651.6       -934.44134       -10.356747        2.7420495        2.7504689
   5.4177127e+08        314898.37        1021651.6       -934.44134       -10.274266        2.7568158        2.7502747
   5.4177127e+08        314898.37        1021651.6       -934.44134       -10.195602        2.7856806        2.7500873
   5.4177127e+08        314898.37        1021651.6       -934.44134       -10.123145        2.8277668        2.7499125
   5.4177127e+08        314898.37        1021651.6       -934.44134       -10.059097        2.8817956        2.7497554
   5.4177127e+08        314898.37        1021651.6       -934.44134       -10.005405        2.9461253        2.7496210
   5.4177127e+08        314898.37        1021651.6       -934.44134       -9.9636985        3.0188015        2.7495132
   5.4177127e+08        314898.37        1021651.6       -934.44134       -9.9352459        3.0976157        2.7494353
   5.4177127e+08        314898.37        1021651.6       -934.44134       -9.9209115        3.1801733        2.7493898
   5.4177127e+08        314898.37        1021651.6       -934.44134       -9.9211308        3.2639658        2.7493780
   5.4177127e+08        314898.37        1021651.6       -934.44134       -9.9358972        3.3464473        2.7494002
   5.4177127e+08        314898.37        1021651.6       -934.44134       -9.9647620        3.4251115        2.7494558
   5.4177127e+08        314898.37        1021651.6       -934.44134       -10.006848        3.4975683        2.7495430
   5.4177127e+08        314898.37        1021651.6       -934.44134       -10.060877        3.5616161        2.7496594
   5.4177127e+08        314898.37        1021651.6       -934.44134       -10.125206        3.6153090        2.7498012
   5.4177127e+08        314898.37        1021651.6       -934.44134       -10.197882        3.6570153        2.7499642
   5.4177127e+08        314898.37        1021651.6       -934.44134       -10.276696        3.6854679        2.7501434
   5.4177127e+08        314898.37        1021651.6       -934.44134       -10.359254        3.6998024        2.7503335
   5.4177127e+08        314898.37        1021651.6       -934.44134       -10.443046        3.6995831        2.7505285
   5.4177127e+08        314898.37        1021651.6       -934.44134       -10.525527        3.6848167        2.7507227
   5.4177127e+08        314898.37        1021651.6       -934.44134       -10.604191        3.6559519        2.7509101
   5.4177127e+08        314898.37        1021651.6       -934.44134       -10.676648        3.6138656        2.7510849
   5.4177127e+08        314898.37        1021651.6       -934.44134       -10.740696        3.5598368        2.7512420
   5.4177127e+08        314898.37        1021651.6       -934.44134       -10.794388        3.4955070        2.7513764
   5.4177127e+08        314898.37        1021651.6       -934.44134       -10.836094        3.4228309        2.7514842
   5.4177127e+08        314898.37        1021651.6       -934.44134       -10.864547        3.3440167        2.7515621
   5.4177127e+08        314898.37        1021651.6       -934.44134       -10.878881        3.2614591        2.7516076
   5.4177127e+08        314898.37        1021651.6       -934.44134       -10.878662        3.1776666        2.7516194
   5.4177127e+08        314898.37        1021651.6       -934.44134       -10.863895        3.0951852        2.7515972
   5.4177127e+08        314898.37        1021651.6       -934.44134       -10.835031        3.0165210        2.7515416
   5.4177127e+08        314898.37        1021651.6       -934.44134       -10.792944        2.9440640        2.7514544
   5.4177127e+08        314898.37        1021651.6       -934.44134       -10.738916        2.8800162        2.7513380
   5.4177127e+08        314898.37        1021651.6       -934.44134       -10.674586        2.8263235        2.7511962
   5.4177127e+08        314898.37        1021651.6       -934.44134       -10.601910        2.7846172        2.7510332
   5.4177127e+08        314898.37        1021651.6       -934.44134       -10.399798        3.2208229        2.7925550
   5.4177127e+08        314898.37        1021651.6       -934.44134       -10.399798        3.2208229        2.7925550
   5.4177127e+08        314898.37        1021651.6       -934.44134       -10.399798        3.2208229        2.7925550
   5.4177127e+08        314898.37        1021651.6       -934.44134       -10.399799        3.2208229        2.7925550
   5.4177127e+08        314898.37        1021651.6       -934.44134       -10.399799        3.2208229        2.7925550
   5.4177127e+08        314898.37        1021651.6       -934.44134       -10.399799        3.2208228        2.7925550
   5.4177127e+08        314898.37        1021651.6       -934.44134       -10.399799        3.2208228        2.7925550
   5.4177127e+08        314898.37        1021651.6       -934.44134       -10.399799        3.2208227        2.7925550
   5.4177127e+08        314898.37        1021651.6       -934.44134       -10.399799        3.2208227        2.7925550
   5.4177127e+08        314898.37        1021651.6       -934.44134       -10.399799        3.2208226        2.7925550
   5.4177127e+08        314898.37        1021651.6       -934.44134       -10.399799        3.2208225        2.7925550
   5.4177127e+08        314898.37        1021651.6       -934.44134       -10.399799        3.2208224        2.7925550
   5.4177127e+08        314898.37        1021651.6       -934.44134       -10.399799        3.2208224        2.7925550
   5.4177127e+08        314898.37        1021651.6       -934.44134       -10.399799        3.2208223        2.7925550
   5.4177127e+08        314898.37        1021651.6       -934.44134       -10.399799        3.2208222        2.7925550
   5.4177127e+08        314898.37        1021651.6       -934.44134       -10.399799        3.2208222        2.7925550
   5.4177127e+08        314898.37        1021651.6       -934.44134       -10.399799        3.2208221        2.7925550
   5.4177127e+08        314898.37        1021651.6       -934.44134       -10.399799        3.2208221        2.7925550
   5.4177127e+08        314898.37        1021651.6       -934.44134       -10.399799        3.2208220        2.7925550
   5.4177127e+08        314898.37        1021651.6       -934.44134       -10.399798        3.2208220        2.7925550
   5.4177127e+08        314898.37        1021651.6       -934.44134       -10.399798        3.2208220        2.7925550
   5.4177127e+08        314898.37        1021651.6       -934.44134       -10.399798        3.2208220        2.7925550
   5.4177127e+08        314898.37        1021651.6       -934.44134       -10.399798        3.2208221        2.7925550
   5.4177127e+08        314898.37        1021651.6       -934.44134       -10.399798        3.2208221        2.7925550
   5.4177127e+08        314898.37        1021651.6       -934.44134       -10.399798        3.2208222        2.7925550
   5.4177127e+08        314898.37        1021651.6       -934.44134       -10.399798        3.2208222        2.7925550
   5.4177127e+08        314898.37        1021651.6       -934.44134       -10.399798        3.2208223        2.7925550
   5.4177127e+08        314898.37        1021651.6       -934.44134       -10.399798        3.2208224        2.7925550
   5.4177127e+08        314898.37        1021651.6       -934.44134       -10.399798        3.2208224        2.7925550
   5.4177127e+08        314898.37        1021651.6       -934.44134       -10.399798        3.2208225        2.7925550
   5.4177127e+08        314898.37        1021651.6       -934.44134       -10.399798        3.2208226        2.7925550
   5.4177127e+08        314898.37        1021651.6       -934.44134       -10.399798        3.2208227        2.7925550
   5.4177127e+08        314898.37        1021651.6       -934.44134       -10.399798        3.2208227        2.7925550
   5.4177127e+08        314898.37        1021651.6       -934.44134       -10.399798        3.2208228        2.7925550
   5.4177127e+08        314898.37        1021651.6       -934.44134       -10.399798        3.2208228        2.7925550
   5.4177127e+08        314898.37        1021651.6       -934.44134       -10.399798        3.2208229        2.7925550
