   5.4177127e+08       -355464.24       -225717.54        65.920404        9.2541120       -14.696335       -2.5681977
   5.4177127e+08       -355464.24       -225717.54        65.920404        9.2541120       -14.696335       -2.5681977
   5.4177127e+08       -355464.24       -225717.54        65.920404        9.2541121       -14.696335       -2.5681977
   5.4177127e+08       -355464.24       -225717.54        65.920404        9.2541121       -14.696335       -2.5681977
   5.4177127e+08       -355464.24       -225717.54        65.920404        9.2541122       -14.696335       -2.5681977
   5.4177127e+08       -355464.24       -225717.54        65.920404        9.2541123       -14.696335       -2.5681977
   5.4177127e+08       -355464.24       -225717.54        65.920404        9.2541123       -14.696335       -2.5681977
   5.4177127e+08       -355464.24       -225717.54        65.920404        9.2541124       -14.696335       -2.5681977
   5.4177127e+08       -355464.24       -225717.54        65.920404        9.2541125       -14.696335       -2.5681977
   5.4177127e+08       -355464.24       -225717.54        65.920404        9.2541125       -14.696335       -2.5681977
   5.4177127e+08       -355464.24       -225717.54        65.920404        9.2541126       -14.696335       -2.5681977
   5.4177127e+08       -355464.24       -225717.54        65.920404        9.2541126       -14.696335       -2.5681977
   5.4177127e+08       -355464.24       -225717.54        65.920404        9.2541127       -14.696335       -2.5681977
   5.4177127e+08       -355464.24       -225717.54        65.920404        9.2541127       -14.696335       -2.5681977
   5.4177127e+08       -355464.24       -225717.54        65.920404        9.2541127       -14.696335       -2.5681977
   5.4177127e+08       -355464.24       -225717.54        65.920404        9.2541127       -14.696335       -2.5681977
   5.4177127e+08       -355464.24       -225717.54        65.920404        9.2541127       -14.696335       -2.5681977
   5.4177127e+08       -355464.24       -225717.54        65.920404        9.2541127       -14.696335       -2.5681977
   5.4177127e+08       -355464.24       -225717.54        65.920404        9.2541127       -14.696335       -2.5681977
   5.4177127e+08       -355464.24       -225717.54        65.920404        9.2541126       -14.696335       -2.5681977
   5.4177127e+08       -355464.24       -225717.54        65.920404        9.2541126       -14.696335       -2.5681977
   5.4177127e+08       -355464.24       -225717.54        65.920404        9.2541125       -14.696335       -2.5681977
   5.4177127e+08       -355464.24       -225717.54        65.920404        9.2541124       -14.696335       -2.5681977
   5.4177127e+08       -355464.24       -225717.54        65.920404        9.2541124       -14.696335       -2.5681977
   5.4177127e+08       -355464.24       -225717.54        65.920404        9.2541123       -14.696335       -2.5681977
   5.4177127e+08       -355464.24       -225717.54        65.920404        9.2541122       -14.696335       -2.5681977
   5.4177127e+08       -355464.24       -225717.54        65.920404        9.2541121       -14.696335       -2.5681977
   5.4177127e+08       -355464.24       -225717.54        65.920404        9.2541121       -14.696335       -2.5681977
   5.4177127e+08       -355464.24       -225717.54        65.920404        9.2541120       -14.696335       -2.5681977
   5.4177127e+08       -355464.24       -225717.54        65.920404        9.2541120       -14.696335       -2.5681977
   5.4177127e+08       -355464.24       -225717.54        65.920404        9.2541119       -14.696335       -2.5681977
   5.4177127e+08       -355464.24       -225717.54        65.920404        9.2541119       -14.696335       -2.5681977
   5.4177127e+08       -355464.24       -225717.54        65.920404        9.2541119       -14.696335       -2.5681977
   5.4177127e+08       -355464.24       -225717.54        65.920404        9.2541119       -14.696335       -2.5681977
   5.4177127e+08       -355464.24       -225717.54        65.920404        9.2541119       -14.696335       -2.5681977
   5.4177127e+08       -355464.24       -225717.54        65.920404        9.2541119       -14.696335       -2.5681977
   5.4177127e+08       -355464.24       -225717.54        65.920404        9.6321590       -14.456530       -2.5290865
   5.4177127e+08       -355464.24       -225717.54        65.920404        9.5847780       -14.394524       -2.5291361
   5.4177127e+08       -355464.24       -225717.54        65.920404        9.5273497       -14.341688       -2.5291825
   5.4177127e+08       -355464.24       -225717.54        65.920404        9.4616188       -14.299627       -2.5292242
   5.4177127e+08       -355464.24       -225717.54        65.920404        9.3895827       -14.269619       -2.5292601
   5.4177127e+08       -355464.24       -225717.54        65.920404        9.3134301       -14.252575       -2.5292889
   5.4177127e+08       -355464.24       -225717.54        65.920404        9.2354748       -14.249014       -2.5293100
   5.4177127e+08       -355464.24       -225717.54        65.920404        9.1580856       -14.259045       -2.5293225
   5.4177127e+08       -355464.24       -225717.54        65.920404        9.0836138       -14.282361       -2.5293262
   5.4177127e+08       -355464.24       -225717.54        65.920404        9.0143222       -14.318255       -2.5293208
   5.4177127e+08       -355464.24       -225717.54        65.920404        8.9523163       -14.365636       -2.5293067
   5.4177127e+08       -355464.24       -225717.54        65.920404        8.8994799       -14.423064       -2.5292842
   5.4177127e+08       -355464.24       -225717.54        65.920404        8.8574186       -14.488795       -2.5292539
   5.4177127e+08       -355464.24       -225717.54        65.920404        8.8274104       -14.560831       -2.5292169
   5.4177127e+08       -355464.24       -225717.54        65.920404        8.8103670       -14.636984       -2.5291742
   5.4177127e+08       -355464.24       -225717.54        65.920404        8.8068063       -14.714939       -2.5291271
   5.4177127e+08       -355464.24       -225717.54        65.920404        8.8168365       -14.792328       -2.5290771
   5.4177127e+08       -355464.24       -225717.54        65.920404        8.8401528       -14.866800       -2.5290257
   5.4177127e+08       -355464.24       -225717.54        65.920404        8.8760467       -14.936092       -2.5289744
   5.4177127e+08       -355464.24       -225717.54        65.920404        8.9234277       -14.998098       -2.5289248
   5.4177127e+08       -355464.24       -225717.54        65.920404        8.9808561       -15.050934       -2.5288785
   5.4177127e+08       -355464.24       -225717.54        65.920404        9.0465870       -15.092995       -2.5288367
   5.4177127e+08       -355464.24       -225717.54        65.920404        9.1186231       -15.123003       -2.5288009
   5.4177127e+08       -355464.24       -225717.54        65.920404        9.1947758       -15.140047       -2.5287720
   5.4177127e+08       -355464.24       -225717.54        65.920404        9.2727311       -15.143607       -2.5287510
   5.4177127e+08       -355464.24       -225717.54        65.920404        9.3501203       -15.133577       -2.5287384
   5.4177127e+08       -355464.24       -225717.54        65.920404        9.4245920       -15.110261       -2.5287348
   5.4177127e+08       -355464.24       -225717.54        65.920404        9.4938836       -15.074367       -2.5287401
   5.4177127e+08       -355464.24       -225717.54        65.920404        9.5558895       -15.026986       -2.5287542
   5.4177127e+08       -355464.24       -225717.54        65.920404        9.6087258       -14.969557       -2.5287768
   5.4177127e+08       -355464.24       -225717.54        65.920404        9.6507871       -14.903827       -2.5288070
   5.4177127e+08       -355464.24       -225717.54        65.920404        9.6807953       -14.831791       -2.5288440
   5.4177127e+08       -355464.24       -225717.54        65.920404        9.6978387       -14.755638       -2.5288868
   5.4177127e+08       -355464.24       -225717.54        65.920404        9.7013994       -14.677683       -2.5289338
   5.4177127e+08       -355464.24       -225717.54        65.920404        9.6913692       -14.600293       -2.5289838
   5.4177127e+08       -355464.24       -225717.54        65.920404        9.6680528       -14.525822       -2.5290352
   5.4177127e+08       -355464.24       -225717.54        65.920404        9.9987007       -14.223963       -2.4128290
   5.4177127e+08       -355464.24       -225717.54        65.920404        9.9053783       -14.101836       -2.4129266
   5.4177127e+08       -355464.24       -225717.54        65.920404        9.7922663       -13.997768       -2.4130179
   5.4177127e+08       -355464.24       -225717.54        65.920404        9.6628017       -13.914924       -2.4131001
   5.4177127e+08       -355464.24       -225717.54        65.920404        9.5209181       -13.855819       -2.4131708
   5.4177127e+08       -355464.24       -225717.54        65.920404        9.3709267       -13.822250       -2.4132276
   5.4177127e+08       -355464.24       -225717.54        65.920404        9.2173847       -13.815237       -2.4132691
   5.4177127e+08       -355464.24       -225717.54        65.920404        9.0649576       -13.834992       -2.4132938
   5.4177127e+08       -355464.24       -225717.54        65.920404        8.9182766       -13.880916       -2.4133010
   5.4177127e+08       -355464.24       -225717.54        65.920404        8.7817987       -13.951614       -2.4132905
   5.4177127e+08       -355464.24       -225717.54        65.920404        8.6596708       -14.044936       -2.4132626
   5.4177127e+08       -355464.24       -225717.54        65.920404        8.5556034       -14.158048       -2.4132182
   5.4177127e+08       -355464.24       -225717.54        65.920404        8.4727587       -14.287513       -2.4131587
   5.4177127e+08       -355464.24       -225717.54        65.920404        8.4136540       -14.429396       -2.4130857
   5.4177127e+08       -355464.24       -225717.54        65.920404        8.3800851       -14.579388       -2.4130016
   5.4177127e+08       -355464.24       -225717.54        65.920404        8.3730718       -14.732930       -2.4129089
   5.4177127e+08       -355464.24       -225717.54        65.920404        8.3928274       -14.885357       -2.4128104
   5.4177127e+08       -355464.24       -225717.54        65.920404        8.4387516       -15.032038       -2.4127091
   5.4177127e+08       -355464.24       -225717.54        65.920404        8.5094489       -15.168516       -2.4126081
   5.4177127e+08       -355464.24       -225717.54        65.920404        8.6027713       -15.290643       -2.4125105
   5.4177127e+08       -355464.24       -225717.54        65.920404        8.7158833       -15.394711       -2.4124192
   5.4177127e+08       -355464.24       -225717.54        65.920404        8.8453480       -15.477555       -2.4123370
   5.4177127e+08       -355464.24       -225717.54        65.920404        8.9872316       -15.536660       -2.4122663
   5.4177127e+08       -355464.24       -225717.54        65.920404        9.1372233       -15.570229       -2.4122095
   5.4177127e+08       -355464.24       -225717.54        65.920404        9.2907652       -15.577242       -2.4121680
   5.4177127e+08       -355464.24       -225717.54        65.920404        9.4431923       -15.557486       -2.4121433
   5.4177127e+08       -355464.24       -225717.54        65.920404        9.5898732       -15.511562       -2.4121361
   5.4177127e+08       -355464.24       -225717.54        65.920404        9.7263510       -15.440865       -2.4121466
   5.4177127e+08       -355464.24       -225717.54        65.920404        9.8484789       -15.347542       -2.4121745
   5.4177127e+08       -355464.24       -225717.54        65.920404        9.9525462       -15.234431       -2.4122189
   5.4177127e+08       -355464.24       -225717.54        65.920404        10.035391       -15.104966       -2.4122784
   5.4177127e+08       -355464.24       -225717.54        65.920404        10.094495       -14.963082       -2.4123514
   5.4177127e+08       -355464.24       -225717.54        65.920404        10.128064       -14.813091       -2.4124355
   5.4177127e+08       -355464.24       -225717.54        65.920404        10.135078       -14.659549       -2.4125282
   5.4177127e+08       -355464.24       -225717.54        65.920404        10.115322       -14.507122       -2.4126267
   5.4177127e+08       -355464.24       -225717.54        65.920404        10.069398       -14.360441       -2.4127280
   5.4177127e+08       -355464.24       -225717.54        65.920404        10.342599       -14.005701       -2.2229576
   5.4177127e+08       -355464.24       -225717.54        65.920404        10.206171       -13.827162       -2.2231004
   5.4177127e+08       -355464.24       -225717.54        65.920404        10.040812       -13.675026       -2.2232338
   5.4177127e+08       -355464.24       -225717.54        65.920404        9.8515478       -13.553915       -2.2233540
   5.4177127e+08       -355464.24       -225717.54        65.920404        9.6441278       -13.467510       -2.2234573
   5.4177127e+08       -355464.24       -225717.54        65.920404        9.4248550       -13.418435       -2.2235405
   5.4177127e+08       -355464.24       -225717.54        65.920404        9.2003916       -13.408183       -2.2236010
   5.4177127e+08       -355464.24       -225717.54        65.920404        8.9775580       -13.437063       -2.2236371
   5.4177127e+08       -355464.24       -225717.54        65.920404        8.7631247       -13.504200       -2.2236477
   5.4177127e+08       -355464.24       -225717.54        65.920404        8.5636075       -13.607553       -2.2236323
   5.4177127e+08       -355464.24       -225717.54        65.920404        8.3850683       -13.743981       -2.2235916
   5.4177127e+08       -355464.24       -225717.54        65.920404        8.2329320       -13.909340       -2.2235267
   5.4177127e+08       -355464.24       -225717.54        65.920404        8.1118212       -14.098604       -2.2234396
   5.4177127e+08       -355464.24       -225717.54        65.920404        8.0254159       -14.306024       -2.2233330
   5.4177127e+08       -355464.24       -225717.54        65.920404        7.9763414       -14.525297       -2.2232100
   5.4177127e+08       -355464.24       -225717.54        65.920404        7.9660887       -14.749760       -2.2230745
   5.4177127e+08       -355464.24       -225717.54        65.920404        7.9949695       -14.972594       -2.2229305
   5.4177127e+08       -355464.24       -225717.54        65.920404        8.0621061       -15.187027       -2.2227824
   5.4177127e+08       -355464.24       -225717.54        65.920404        8.1654587       -15.386544       -2.2226348
   5.4177127e+08       -355464.24       -225717.54        65.920404        8.3018869       -15.565083       -2.2224921
   5.4177127e+08       -355464.24       -225717.54        65.920404        8.4672455       -15.717219       -2.2223586
   5.4177127e+08       -355464.24       -225717.54        65.920404        8.6565103       -15.838330       -2.2222384
   5.4177127e+08       -355464.24       -225717.54        65.920404        8.8639302       -15.924735       -2.2221351
   5.4177127e+08       -355464.24       -225717.54        65.920404        9.0832034       -15.973810       -2.2220520
   5.4177127e+08       -355464.24       -225717.54        65.920404        9.3076667       -15.984063       -2.2219914
   5.4177127e+08       -355464.24       -225717.54        65.920404        9.5305002       -15.955182       -2.2219553
   5.4177127e+08       -355464.24       -225717.54        65.920404        9.7449333       -15.888045       -2.2219448
   5.4177127e+08       -355464.24       -225717.54        65.920404        9.9444505       -15.784692       -2.2219601
   5.4177127e+08       -355464.24       -225717.54        65.920404        10.122990       -15.648264       -2.2220008
   5.4177127e+08       -355464.24       -225717.54        65.920404        10.275126       -15.482906       -2.2220657
   5.4177127e+08       -355464.24       -225717.54        65.920404        10.396237       -15.293641       -2.2221528
   5.4177127e+08       -355464.24       -225717.54        65.920404        10.482642       -15.086221       -2.2222595
   5.4177127e+08       -355464.24       -225717.54        65.920404        10.531716       -14.866948       -2.2223824
   5.4177127e+08       -355464.24       -225717.54        65.920404        10.541969       -14.642484       -2.2225179
   5.4177127e+08       -355464.24       -225717.54        65.920404        10.513088       -14.419651       -2.2226619
   5.4177127e+08       -355464.24       -225717.54        65.920404        10.445951       -14.205218       -2.2228100
   5.4177127e+08       -355464.24       -225717.54        65.920404        10.653406       -13.808376       -1.9652414
   5.4177127e+08       -355464.24       -225717.54        65.920404        10.478017       -13.578850       -1.9654249
   5.4177127e+08       -355464.24       -225717.54        65.920404        10.265436       -13.383267       -1.9655965
   5.4177127e+08       -355464.24       -225717.54        65.920404        10.022122       -13.227570       -1.9657510
   5.4177127e+08       -355464.24       -225717.54        65.920404        9.7554682       -13.116490       -1.9658838
   5.4177127e+08       -355464.24       -225717.54        65.920404        9.4735765       -13.053401       -1.9659907
   5.4177127e+08       -355464.24       -225717.54        65.920404        9.1850118       -13.040220       -1.9660685
   5.4177127e+08       -355464.24       -225717.54        65.920404        8.8985424       -13.077349       -1.9661149
   5.4177127e+08       -355464.24       -225717.54        65.920404        8.6228723       -13.163658       -1.9661285
   5.4177127e+08       -355464.24       -225717.54        65.920404        8.3663778       -13.296525       -1.9661088
   5.4177127e+08       -355464.24       -225717.54        65.920404        8.1368523       -13.471914       -1.9660564
   5.4177127e+08       -355464.24       -225717.54        65.920404        7.9412695       -13.684495       -1.9659730
   5.4177127e+08       -355464.24       -225717.54        65.920404        7.7855725       -13.927809       -1.9658610
   5.4177127e+08       -355464.24       -225717.54        65.920404        7.6744919       -14.194463       -1.9657239
   5.4177127e+08       -355464.24       -225717.54        65.920404        7.6114029       -14.476355       -1.9655659
   5.4177127e+08       -355464.24       -225717.54        65.920404        7.5982223       -14.764919       -1.9653916
   5.4177127e+08       -355464.24       -225717.54        65.920404        7.6353507       -15.051389       -1.9652065
   5.4177127e+08       -355464.24       -225717.54        65.920404        7.7216599       -15.327059       -1.9650162
   5.4177127e+08       -355464.24       -225717.54        65.920404        7.8545275       -15.583553       -1.9648264
   5.4177127e+08       -355464.24       -225717.54        65.920404        8.0299163       -15.813079       -1.9646429
   5.4177127e+08       -355464.24       -225717.54        65.920404        8.2424972       -16.008661       -1.9644713
   5.4177127e+08       -355464.24       -225717.54        65.920404        8.4858114       -16.164358       -1.9643167
   5.4177127e+08       -355464.24       -225717.54        65.920404        8.7524654       -16.275439       -1.9641840
   5.4177127e+08       -355464.24       -225717.54        65.920404        9.0343575       -16.338528       -1.9640771
   5.4177127e+08       -355464.24       -225717.54        65.920404        9.3229220       -16.351708       -1.9639993
   5.4177127e+08       -355464.24       -225717.54        65.920404        9.6093914       -16.314580       -1.9639528
   5.4177127e+08       -355464.24       -225717.54        65.920404        9.8850613       -16.228270       -1.9639393
   5.4177127e+08       -355464.24       -225717.54        65.920404        10.141556       -16.095403       -1.9639590
   5.4177127e+08       -355464.24       -225717.54        65.920404        10.371081       -15.920014       -1.9640114
   5.4177127e+08       -355464.24       -225717.54        65.920404        10.566664       -15.707433       -1.9640948
   5.4177127e+08       -355464.24       -225717.54        65.920404        10.722361       -15.464119       -1.9642067
   5.4177127e+08       -355464.24       -225717.54        65.920404        10.833441       -15.197465       -1.9643438
   5.4177127e+08       -355464.24       -225717.54        65.920404        10.896530       -14.915573       -1.9645019
   5.4177127e+08       -355464.24       -225717.54        65.920404        10.909711       -14.627008       -1.9646761
   5.4177127e+08       -355464.24       -225717.54        65.920404        10.872582       -14.340539       -1.9648612
   5.4177127e+08       -355464.24       -225717.54        65.920404        10.786273       -14.064869       -1.9650516
   5.4177127e+08       -355464.24       -225717.54        65.920404        10.921677       -13.637982       -1.6475112
   5.4177127e+08       -355464.24       -225717.54        65.920404        10.712656       -13.364444       -1.6477299
   5.4177127e+08       -355464.24       -225717.54        65.920404        10.459312       -13.131358       -1.6479344
   5.4177127e+08       -355464.24       -225717.54        65.920404        10.169342       -12.945805       -1.6481185
   5.4177127e+08       -355464.24       -225717.54        65.920404        9.8515562       -12.813425       -1.6482767
   5.4177127e+08       -355464.24       -225717.54        65.920404        9.5156107       -12.738238       -1.6484041
   5.4177127e+08       -355464.24       -225717.54        65.920404        9.1717127       -12.722530       -1.6484969
   5.4177127e+08       -355464.24       -225717.54        65.920404        8.8303118       -12.766778       -1.6485522
   5.4177127e+08       -355464.24       -225717.54        65.920404        8.5017809       -12.869637       -1.6485684
   5.4177127e+08       -355464.24       -225717.54        65.920404        8.1961027       -13.027983       -1.6485449
   5.4177127e+08       -355464.24       -225717.54        65.920404        7.9225648       -13.237003       -1.6484825
   5.4177127e+08       -355464.24       -225717.54        65.920404        7.6894784       -13.490347       -1.6483831
   5.4177127e+08       -355464.24       -225717.54        65.920404        7.5039258       -13.780317       -1.6482496
   5.4177127e+08       -355464.24       -225717.54        65.920404        7.3715452       -14.098103       -1.6480862
   5.4177127e+08       -355464.24       -225717.54        65.920404        7.2963586       -14.434049       -1.6478979
   5.4177127e+08       -355464.24       -225717.54        65.920404        7.2806506       -14.777946       -1.6476902
   5.4177127e+08       -355464.24       -225717.54        65.920404        7.3248985       -15.119347       -1.6474696
   5.4177127e+08       -355464.24       -225717.54        65.920404        7.4277579       -15.447878       -1.6472428
   5.4177127e+08       -355464.24       -225717.54        65.920404        7.5861032       -15.753556       -1.6470166
   5.4177127e+08       -355464.24       -225717.54        65.920404        7.7951235       -16.027094       -1.6467979
   5.4177127e+08       -355464.24       -225717.54        65.920404        8.0484675       -16.260180       -1.6465934
   5.4177127e+08       -355464.24       -225717.54        65.920404        8.3384382       -16.445733       -1.6464092
   5.4177127e+08       -355464.24       -225717.54        65.920404        8.6562239       -16.578113       -1.6462510
   5.4177127e+08       -355464.24       -225717.54        65.920404        8.9921699       -16.653300       -1.6461236
   5.4177127e+08       -355464.24       -225717.54        65.920404        9.3360677       -16.669008       -1.6460309
   5.4177127e+08       -355464.24       -225717.54        65.920404        9.6774685       -16.624760       -1.6459756
   5.4177127e+08       -355464.24       -225717.54        65.920404        10.005999       -16.521900       -1.6459594
   5.4177127e+08       -355464.24       -225717.54        65.920404        10.311677       -16.363555       -1.6459829
   5.4177127e+08       -355464.24       -225717.54        65.920404        10.585215       -16.154534       -1.6460453
   5.4177127e+08       -355464.24       -225717.54        65.920404        10.818301       -15.901190       -1.6461447
   5.4177127e+08       -355464.24       -225717.54        65.920404        11.003854       -15.611220       -1.6462782
   5.4177127e+08       -355464.24       -225717.54        65.920404        11.136234       -15.293434       -1.6464415
   5.4177127e+08       -355464.24       -225717.54        65.920404        11.211421       -14.957488       -1.6466299
   5.4177127e+08       -355464.24       -225717.54        65.920404        11.227129       -14.613590       -1.6468375
   5.4177127e+08       -355464.24       -225717.54        65.920404        11.182881       -14.272189       -1.6470581
   5.4177127e+08       -355464.24       -225717.54        65.920404        11.080021       -13.943659       -1.6472850
   5.4177127e+08       -355464.24       -225717.54        65.920404        11.139260       -13.499698       -1.2794208
   5.4177127e+08       -355464.24       -225717.54        65.920404        10.902960       -13.190459       -1.2796680
   5.4177127e+08       -355464.24       -225717.54        65.920404        10.616550       -12.926951       -1.2798992
   5.4177127e+08       -355464.24       -225717.54        65.920404        10.288734       -12.717181       -1.2801074
   5.4177127e+08       -355464.24       -225717.54        65.920404        9.9294722       -12.567522       -1.2802863
   5.4177127e+08       -355464.24       -225717.54        65.920404        9.5496804       -12.482523       -1.2804303
   5.4177127e+08       -355464.24       -225717.54        65.920404        9.1608983       -12.464765       -1.2805352
   5.4177127e+08       -355464.24       -225717.54        65.920404        8.7749392       -12.514787       -1.2805977
   5.4177127e+08       -355464.24       -225717.54        65.920404        8.4035298       -12.631072       -1.2806160
   5.4177127e+08       -355464.24       -225717.54        65.920404        8.0579557       -12.810084       -1.2805894
   5.4177127e+08       -355464.24       -225717.54        65.920404        7.7487167       -13.046384       -1.2805189
   5.4177127e+08       -355464.24       -225717.54        65.920404        7.4852088       -13.332794       -1.2804065
   5.4177127e+08       -355464.24       -225717.54        65.920404        7.2754387       -13.660610       -1.2802556
   5.4177127e+08       -355464.24       -225717.54        65.920404        7.1257803       -14.019872       -1.2800709
   5.4177127e+08       -355464.24       -225717.54        65.920404        7.0407807       -14.399664       -1.2798580
   5.4177127e+08       -355464.24       -225717.54        65.920404        7.0230225       -14.788445       -1.2796232
   5.4177127e+08       -355464.24       -225717.54        65.920404        7.0730455       -15.174405       -1.2793738
   5.4177127e+08       -355464.24       -225717.54        65.920404        7.1893296       -15.545814       -1.2791174
   5.4177127e+08       -355464.24       -225717.54        65.920404        7.3683416       -15.891388       -1.2788617
   5.4177127e+08       -355464.24       -225717.54        65.920404        7.6046423       -16.200627       -1.2786144
   5.4177127e+08       -355464.24       -225717.54        65.920404        7.8910518       -16.464134       -1.2783832
   5.4177127e+08       -355464.24       -225717.54        65.920404        8.2188682       -16.673905       -1.2781750
   5.4177127e+08       -355464.24       -225717.54        65.920404        8.5781301       -16.823563       -1.2779962
   5.4177127e+08       -355464.24       -225717.54        65.920404        8.9579224       -16.908562       -1.2778521
   5.4177127e+08       -355464.24       -225717.54        65.920404        9.3467043       -16.926320       -1.2777473
   5.4177127e+08       -355464.24       -225717.54        65.920404        9.7326634       -16.876297       -1.2776848
   5.4177127e+08       -355464.24       -225717.54        65.920404        10.104072       -16.760013       -1.2776665
   5.4177127e+08       -355464.24       -225717.54        65.920404        10.449646       -16.581001       -1.2776930
   5.4177127e+08       -355464.24       -225717.54        65.920404        10.758885       -16.344700       -1.2777636
   5.4177127e+08       -355464.24       -225717.54        65.920404        11.022393       -16.058291       -1.2778760
   5.4177127e+08       -355464.24       -225717.54        65.920404        11.232163       -15.730475       -1.2780268
   5.4177127e+08       -355464.24       -225717.54        65.920404        11.381821       -15.371213       -1.2782115
   5.4177127e+08       -355464.24       -225717.54        65.920404        11.466821       -14.991420       -1.2784245
   5.4177127e+08       -355464.24       -225717.54        65.920404        11.484579       -14.602638       -1.2786592
   5.4177127e+08       -355464.24       -225717.54        65.920404        11.434556       -14.216679       -1.2789086
   5.4177127e+08       -355464.24       -225717.54        65.920404        11.318272       -13.845270       -1.2791651
   5.4177127e+08       -355464.24       -225717.54        65.920404        11.299546       -13.397724      -0.87215455
   5.4177127e+08       -355464.24       -225717.54        65.920404        11.043145       -13.062180      -0.87242281
   5.4177127e+08       -355464.24       -225717.54        65.920404        10.732372       -12.776258      -0.87267370
   5.4177127e+08       -355464.24       -225717.54        65.920404        10.376671       -12.548644      -0.87289960
   5.4177127e+08       -355464.24       -225717.54        65.920404        9.9868488       -12.386255      -0.87309365
   5.4177127e+08       -355464.24       -225717.54        65.920404        9.5747506       -12.294025      -0.87324994
   5.4177127e+08       -355464.24       -225717.54        65.920404        9.1528972       -12.274756      -0.87336374
   5.4177127e+08       -355464.24       -225717.54        65.920404        8.7341071       -12.329034      -0.87343158
   5.4177127e+08       -355464.24       -225717.54        65.920404        8.3311042       -12.455210      -0.87345140
   5.4177127e+08       -355464.24       -225717.54        65.920404        7.9561344       -12.649449      -0.87342259
   5.4177127e+08       -355464.24       -225717.54        65.920404        7.6205904       -12.905850      -0.87334605
   5.4177127e+08       -355464.24       -225717.54        65.920404        7.3346676       -13.216623      -0.87322408
   5.4177127e+08       -355464.24       -225717.54        65.920404        7.1070537       -13.572325      -0.87306040
   5.4177127e+08       -355464.24       -225717.54        65.920404        6.9446648       -13.962146      -0.87285998
   5.4177127e+08       -355464.24       -225717.54        65.920404        6.8524348       -14.374245      -0.87262890
   5.4177127e+08       -355464.24       -225717.54        65.920404        6.8331660       -14.796098      -0.87237420
   5.4177127e+08       -355464.24       -225717.54        65.920404        6.8874442       -15.214888      -0.87210361
   5.4177127e+08       -355464.24       -225717.54        65.920404        7.0136198       -15.617891      -0.87182534
   5.4177127e+08       -355464.24       -225717.54        65.920404        7.2078592       -15.992860      -0.87154787
   5.4177127e+08       -355464.24       -225717.54        65.920404        7.4642605       -16.328404      -0.87127961
   5.4177127e+08       -355464.24       -225717.54        65.920404        7.7750330       -16.614327      -0.87102872
   5.4177127e+08       -355464.24       -225717.54        65.920404        8.1307347       -16.841941      -0.87080282
   5.4177127e+08       -355464.24       -225717.54        65.920404        8.5205566       -17.004329      -0.87060877
   5.4177127e+08       -355464.24       -225717.54        65.920404        8.9326555       -17.096559      -0.87045248
   5.4177127e+08       -355464.24       -225717.54        65.920404        9.3545086       -17.115828      -0.87033868
   5.4177127e+08       -355464.24       -225717.54        65.920404        9.7732987       -17.061550      -0.87027084
   5.4177127e+08       -355464.24       -225717.54        65.920404        10.176301       -16.935374      -0.87025103
   5.4177127e+08       -355464.24       -225717.54        65.920404        10.551271       -16.741134      -0.87027983
   5.4177127e+08       -355464.24       -225717.54        65.920404        10.886815       -16.484733      -0.87035638
   5.4177127e+08       -355464.24       -225717.54        65.920404        11.172737       -16.173961      -0.87047834
   5.4177127e+08       -355464.24       -225717.54        65.920404        11.400351       -15.818259      -0.87064202
   5.4177127e+08       -355464.24       -225717.54        65.920404        11.562740       -15.428437      -0.87084245
   5.4177127e+08       -355464.24       -225717.54        65.920404        11.654970       -15.016338      -0.87107352
   5.4177127e+08       -355464.24       -225717.54        65.920404        11.674239       -14.594485      -0.87132822
   5.4177127e+08       -355464.24       -225717.54        65.920404        11.619960       -14.175695      -0.87159881
   5.4177127e+08       -355464.24       -225717.54        65.920404        11.493785       -13.772693      -0.87187708
   5.4177127e+08       -355464.24       -225717.54        65.920404        11.397663       -13.335161      -0.43808705
   5.4177127e+08       -355464.24       -225717.54        65.920404        11.128952       -12.983507      -0.43836819
   5.4177127e+08       -355464.24       -225717.54        65.920404        10.803259       -12.683857      -0.43863113
   5.4177127e+08       -355464.24       -225717.54        65.920404        10.430480       -12.445315      -0.43886788
   5.4177127e+08       -355464.24       -225717.54        65.920404        10.021943       -12.275130      -0.43907124
   5.4177127e+08       -355464.24       -225717.54        65.920404        9.5900594       -12.178472      -0.43923504
   5.4177127e+08       -355464.24       -225717.54        65.920404        9.1479526       -12.158278      -0.43935430
   5.4177127e+08       -355464.24       -225717.54        65.920404        8.7090561       -12.215162      -0.43942539
   5.4177127e+08       -355464.24       -225717.54        65.920404        8.2867049       -12.347395      -0.43944616
   5.4177127e+08       -355464.24       -225717.54        65.920404        7.8937325       -12.550960      -0.43941598
   5.4177127e+08       -355464.24       -225717.54        65.920404        7.5420790       -12.819672      -0.43933575
   5.4177127e+08       -355464.24       -225717.54        65.920404        7.2424288       -13.145365      -0.43920793
   5.4177127e+08       -355464.24       -225717.54        65.920404        7.0038870       -13.518143      -0.43903639
   5.4177127e+08       -355464.24       -225717.54        65.920404        6.8337017       -13.926681      -0.43882635
   5.4177127e+08       -355464.24       -225717.54        65.920404        6.7370437       -14.358564      -0.43858418
   5.4177127e+08       -355464.24       -225717.54        65.920404        6.7168499       -14.800670      -0.43831725
   5.4177127e+08       -355464.24       -225717.54        65.920404        6.7737340       -15.239568      -0.43803366
   5.4177127e+08       -355464.24       -225717.54        65.920404        6.9059674       -15.661918      -0.43774204
   5.4177127e+08       -355464.24       -225717.54        65.920404        7.1095323       -16.054891      -0.43745124
   5.4177127e+08       -355464.24       -225717.54        65.920404        7.3782435       -16.406544      -0.43717011
   5.4177127e+08       -355464.24       -225717.54        65.920404        7.7039364       -16.706194      -0.43690717
   5.4177127e+08       -355464.24       -225717.54        65.920404        8.0767155       -16.944736      -0.43667042
   5.4177127e+08       -355464.24       -225717.54        65.920404        8.4852530       -17.114921      -0.43646706
   5.4177127e+08       -355464.24       -225717.54        65.920404        8.9171369       -17.211579      -0.43630326
   5.4177127e+08       -355464.24       -225717.54        65.920404        9.3592434       -17.231772      -0.43618400
   5.4177127e+08       -355464.24       -225717.54        65.920404        9.7981399       -17.174888      -0.43611291
   5.4177127e+08       -355464.24       -225717.54        65.920404        10.220491       -17.042655      -0.43609214
   5.4177127e+08       -355464.24       -225717.54        65.920404        10.613463       -16.839090      -0.43612232
   5.4177127e+08       -355464.24       -225717.54        65.920404        10.965117       -16.570378      -0.43620255
   5.4177127e+08       -355464.24       -225717.54        65.920404        11.264766       -16.244685      -0.43633037
   5.4177127e+08       -355464.24       -225717.54        65.920404        11.503308       -15.871907      -0.43650191
   5.4177127e+08       -355464.24       -225717.54        65.920404        11.673493       -15.463369      -0.43671195
   5.4177127e+08       -355464.24       -225717.54        65.920404        11.770151       -15.031485      -0.43695412
   5.4177127e+08       -355464.24       -225717.54        65.920404        11.790345       -14.589378      -0.43722105
   5.4177127e+08       -355464.24       -225717.54        65.920404        11.733461       -14.150482      -0.43750464
   5.4177127e+08       -355464.24       -225717.54        65.920404        11.601227       -13.728131      -0.43779626
   5.4177127e+08       -355464.24       -225717.54        65.920404        11.430631       -13.313907     0.0095927792
   5.4177127e+08       -355464.24       -225717.54        65.920404        11.157774       -12.956829     0.0093073035
   5.4177127e+08       -355464.24       -225717.54        65.920404        10.827057       -12.652556     0.0090403103
   5.4177127e+08       -355464.24       -225717.54        65.920404        10.448527       -12.410335     0.0087999120
   5.4177127e+08       -355464.24       -225717.54        65.920404        10.033687       -12.237524     0.0085934129
   5.4177127e+08       -355464.24       -225717.54        65.920404        9.5951417       -12.139375     0.0084270875
   5.4177127e+08       -355464.24       -225717.54        65.920404        9.1462147       -12.118869     0.0083059894
   5.4177127e+08       -355464.24       -225717.54        65.920404        8.7005475       -12.176631     0.0082337982
   5.4177127e+08       -355464.24       -225717.54        65.920404        8.2716808       -12.310904     0.0082127073
   5.4177127e+08       -355464.24       -225717.54        65.920404        7.8726462       -12.517609     0.0082433576
   5.4177127e+08       -355464.24       -225717.54        65.920404        7.5155678       -12.790466     0.0083248177
   5.4177127e+08       -355464.24       -225717.54        65.920404        7.2112951       -13.121183     0.0084546127
   5.4177127e+08       -355464.24       -225717.54        65.920404        6.9690734       -13.499713     0.0086287987
   5.4177127e+08       -355464.24       -225717.54        65.920404        6.7962628       -13.914553     0.0088420831
   5.4177127e+08       -355464.24       -225717.54        65.920404        6.6981136       -14.353098     0.0090879853
   5.4177127e+08       -355464.24       -225717.54        65.920404        6.6776083       -14.802025     0.0093590339
   5.4177127e+08       -355464.24       -225717.54        65.920404        6.7353699       -15.247693     0.0096469934
   5.4177127e+08       -355464.24       -225717.54        65.920404        6.8696432       -15.676559     0.0099431137
   5.4177127e+08       -355464.24       -225717.54        65.920404        7.0763484       -16.075593      0.010238398
   5.4177127e+08       -355464.24       -225717.54        65.920404        7.3492050       -16.432672      0.010523873
   5.4177127e+08       -355464.24       -225717.54        65.920404        7.6799222       -16.736944      0.010790866
   5.4177127e+08       -355464.24       -225717.54        65.920404        8.0584520       -16.979166      0.011031265
   5.4177127e+08       -355464.24       -225717.54        65.920404        8.4732919       -17.151976      0.011237764
   5.4177127e+08       -355464.24       -225717.54        65.920404        8.9118383       -17.250125      0.011404089
   5.4177127e+08       -355464.24       -225717.54        65.920404        9.3607650       -17.270630      0.011525187
   5.4177127e+08       -355464.24       -225717.54        65.920404        9.8064322       -17.212869      0.011597378
   5.4177127e+08       -355464.24       -225717.54        65.920404        10.235298       -17.078595      0.011618469
   5.4177127e+08       -355464.24       -225717.54        65.920404        10.634333       -16.871890      0.011587819
   5.4177127e+08       -355464.24       -225717.54        65.920404        10.991411       -16.599033      0.011506358
   5.4177127e+08       -355464.24       -225717.54        65.920404        11.295684       -16.268316      0.011376563
   5.4177127e+08       -355464.24       -225717.54        65.920404        11.537905       -15.889787      0.011202377
   5.4177127e+08       -355464.24       -225717.54        65.920404        11.710716       -15.474947      0.010989093
   5.4177127e+08       -355464.24       -225717.54        65.920404        11.808865       -15.036400      0.010743190
   5.4177127e+08       -355464.24       -225717.54        65.920404        11.829370       -14.587473      0.010472141
   5.4177127e+08       -355464.24       -225717.54        65.920404        11.771608       -14.141806      0.010184182
   5.4177127e+08       -355464.24       -225717.54        65.920404        11.637335       -13.712940     0.0098880620
   5.4177127e+08       -355464.24       -225717.54        65.920404        11.397447       -13.334610       0.45728242
   5.4177127e+08       -355464.24       -225717.54        65.920404        11.128735       -12.982956       0.45700128
   5.4177127e+08       -355464.24       -225717.54        65.920404        10.803043       -12.683306       0.45673835
   5.4177127e+08       -355464.24       -225717.54        65.920404        10.430264       -12.444765       0.45650160
   5.4177127e+08       -355464.24       -225717.54        65.920404        10.021726       -12.274579       0.45629824
   5.4177127e+08       -355464.24       -225717.54        65.920404        9.5898430       -12.177921       0.45613444
   5.4177127e+08       -355464.24       -225717.54        65.920404        9.1477362       -12.157728       0.45601518
   5.4177127e+08       -355464.24       -225717.54        65.920404        8.7088397       -12.214612       0.45594409
   5.4177127e+08       -355464.24       -225717.54        65.920404        8.2864885       -12.346845       0.45592332
   5.4177127e+08       -355464.24       -225717.54        65.920404        7.8935162       -12.550410       0.45595350
   5.4177127e+08       -355464.24       -225717.54        65.920404        7.5418626       -12.819121       0.45603372
   5.4177127e+08       -355464.24       -225717.54        65.920404        7.2422124       -13.144814       0.45616155
   5.4177127e+08       -355464.24       -225717.54        65.920404        7.0036707       -13.517593       0.45633309
   5.4177127e+08       -355464.24       -225717.54        65.920404        6.8334854       -13.926130       0.45654313
   5.4177127e+08       -355464.24       -225717.54        65.920404        6.7368274       -14.358014       0.45678530
   5.4177127e+08       -355464.24       -225717.54        65.920404        6.7166335       -14.800120       0.45705223
   5.4177127e+08       -355464.24       -225717.54        65.920404        6.7735176       -15.239017       0.45733581
   5.4177127e+08       -355464.24       -225717.54        65.920404        6.9057510       -15.661368       0.45762743
   5.4177127e+08       -355464.24       -225717.54        65.920404        7.1093159       -16.054340       0.45791823
   5.4177127e+08       -355464.24       -225717.54        65.920404        7.3780271       -16.405993       0.45819937
   5.4177127e+08       -355464.24       -225717.54        65.920404        7.7037200       -16.705643       0.45846231
   5.4177127e+08       -355464.24       -225717.54        65.920404        8.0764991       -16.944185       0.45869905
   5.4177127e+08       -355464.24       -225717.54        65.920404        8.4850366       -17.114370       0.45890242
   5.4177127e+08       -355464.24       -225717.54        65.920404        8.9169205       -17.211028       0.45906621
   5.4177127e+08       -355464.24       -225717.54        65.920404        9.3590270       -17.231222       0.45918547
   5.4177127e+08       -355464.24       -225717.54        65.920404        9.7979235       -17.174338       0.45925657
   5.4177127e+08       -355464.24       -225717.54        65.920404        10.220274       -17.042104       0.45927734
   5.4177127e+08       -355464.24       -225717.54        65.920404        10.613247       -16.838539       0.45924715
   5.4177127e+08       -355464.24       -225717.54        65.920404        10.964900       -16.569828       0.45916693
   5.4177127e+08       -355464.24       -225717.54        65.920404        11.264550       -16.244135       0.45903911
   5.4177127e+08       -355464.24       -225717.54        65.920404        11.503092       -15.871356       0.45886757
   5.4177127e+08       -355464.24       -225717.54        65.920404        11.673277       -15.462819       0.45865752
   5.4177127e+08       -355464.24       -225717.54        65.920404        11.769935       -15.030934       0.45841536
   5.4177127e+08       -355464.24       -225717.54        65.920404        11.790129       -14.588828       0.45814842
   5.4177127e+08       -355464.24       -225717.54        65.920404        11.733244       -14.149932       0.45786484
   5.4177127e+08       -355464.24       -225717.54        65.920404        11.601011       -13.727581       0.45757322
   5.4177127e+08       -355464.24       -225717.54        65.920404        11.299120       -13.396640       0.89137905
   5.4177127e+08       -355464.24       -225717.54        65.920404        11.042718       -13.061096       0.89111079
   5.4177127e+08       -355464.24       -225717.54        65.920404        10.731946       -12.775173       0.89085989
   5.4177127e+08       -355464.24       -225717.54        65.920404        10.376245       -12.547560       0.89063399
   5.4177127e+08       -355464.24       -225717.54        65.920404        9.9864226       -12.385171       0.89043995
   5.4177127e+08       -355464.24       -225717.54        65.920404        9.5743244       -12.292941       0.89028365
   5.4177127e+08       -355464.24       -225717.54        65.920404        9.1524710       -12.273672       0.89016986
   5.4177127e+08       -355464.24       -225717.54        65.920404        8.7336809       -12.327950       0.89010202
   5.4177127e+08       -355464.24       -225717.54        65.920404        8.3306780       -12.454126       0.89008220
   5.4177127e+08       -355464.24       -225717.54        65.920404        7.9557082       -12.648365       0.89011100
   5.4177127e+08       -355464.24       -225717.54        65.920404        7.6201642       -12.904766       0.89018755
   5.4177127e+08       -355464.24       -225717.54        65.920404        7.3342414       -13.215539       0.89030952
   5.4177127e+08       -355464.24       -225717.54        65.920404        7.1066275       -13.571240       0.89047320
   5.4177127e+08       -355464.24       -225717.54        65.920404        6.9442386       -13.961062       0.89067362
   5.4177127e+08       -355464.24       -225717.54        65.920404        6.8520086       -14.373160       0.89090469
   5.4177127e+08       -355464.24       -225717.54        65.920404        6.8327399       -14.795013       0.89115940
   5.4177127e+08       -355464.24       -225717.54        65.920404        6.8870180       -15.213804       0.89142999
   5.4177127e+08       -355464.24       -225717.54        65.920404        7.0131936       -15.616806       0.89170825
   5.4177127e+08       -355464.24       -225717.54        65.920404        7.2074330       -15.991776       0.89198573
   5.4177127e+08       -355464.24       -225717.54        65.920404        7.4638343       -16.327320       0.89225399
   5.4177127e+08       -355464.24       -225717.54        65.920404        7.7746068       -16.613243       0.89250488
   5.4177127e+08       -355464.24       -225717.54        65.920404        8.1303085       -16.840856       0.89273078
   5.4177127e+08       -355464.24       -225717.54        65.920404        8.5201305       -17.003245       0.89292483
   5.4177127e+08       -355464.24       -225717.54        65.920404        8.9322293       -17.095475       0.89308112
   5.4177127e+08       -355464.24       -225717.54        65.920404        9.3540824       -17.114744       0.89319491
   5.4177127e+08       -355464.24       -225717.54        65.920404        9.7728725       -17.060465       0.89326275
   5.4177127e+08       -355464.24       -225717.54        65.920404        10.175875       -16.934290       0.89328257
   5.4177127e+08       -355464.24       -225717.54        65.920404        10.550845       -16.740050       0.89325377
   5.4177127e+08       -355464.24       -225717.54        65.920404        10.886389       -16.483649       0.89317722
   5.4177127e+08       -355464.24       -225717.54        65.920404        11.172311       -16.172876       0.89305525
   5.4177127e+08       -355464.24       -225717.54        65.920404        11.399925       -15.817175       0.89289157
   5.4177127e+08       -355464.24       -225717.54        65.920404        11.562314       -15.427353       0.89269115
   5.4177127e+08       -355464.24       -225717.54        65.920404        11.654544       -15.015254       0.89246008
   5.4177127e+08       -355464.24       -225717.54        65.920404        11.673812       -14.593401       0.89220538
   5.4177127e+08       -355464.24       -225717.54        65.920404        11.619534       -14.174611       0.89193478
   5.4177127e+08       -355464.24       -225717.54        65.920404        11.493358       -13.771608       0.89165652
   5.4177127e+08       -355464.24       -225717.54        65.920404        11.138637       -13.498113        1.2986928
   5.4177127e+08       -355464.24       -225717.54        65.920404        10.902337       -13.188874        1.2984456
   5.4177127e+08       -355464.24       -225717.54        65.920404        10.615927       -12.925366        1.2982144
   5.4177127e+08       -355464.24       -225717.54        65.920404        10.288111       -12.715596        1.2980062
   5.4177127e+08       -355464.24       -225717.54        65.920404        9.9288492       -12.565937        1.2978274
   5.4177127e+08       -355464.24       -225717.54        65.920404        9.5490574       -12.480938        1.2976833
   5.4177127e+08       -355464.24       -225717.54        65.920404        9.1602752       -12.463180        1.2975784
   5.4177127e+08       -355464.24       -225717.54        65.920404        8.7743161       -12.513202        1.2975159
   5.4177127e+08       -355464.24       -225717.54        65.920404        8.4029067       -12.629487        1.2974977
   5.4177127e+08       -355464.24       -225717.54        65.920404        8.0573326       -12.808499        1.2975242
   5.4177127e+08       -355464.24       -225717.54        65.920404        7.7480937       -13.044799        1.2975948
   5.4177127e+08       -355464.24       -225717.54        65.920404        7.4845858       -13.331209        1.2977072
   5.4177127e+08       -355464.24       -225717.54        65.920404        7.2748157       -13.659025        1.2978580
   5.4177127e+08       -355464.24       -225717.54        65.920404        7.1251573       -14.018287        1.2980427
   5.4177127e+08       -355464.24       -225717.54        65.920404        7.0401576       -14.398078        1.2982557
   5.4177127e+08       -355464.24       -225717.54        65.920404        7.0223995       -14.786860        1.2984904
   5.4177127e+08       -355464.24       -225717.54        65.920404        7.0724225       -15.172820        1.2987398
   5.4177127e+08       -355464.24       -225717.54        65.920404        7.1887066       -15.544229        1.2989962
   5.4177127e+08       -355464.24       -225717.54        65.920404        7.3677185       -15.889803        1.2992520
   5.4177127e+08       -355464.24       -225717.54        65.920404        7.6040192       -16.199042        1.2994992
   5.4177127e+08       -355464.24       -225717.54        65.920404        7.8904287       -16.462549        1.2997304
   5.4177127e+08       -355464.24       -225717.54        65.920404        8.2182451       -16.672319        1.2999386
   5.4177127e+08       -355464.24       -225717.54        65.920404        8.5775070       -16.821978        1.3001174
   5.4177127e+08       -355464.24       -225717.54        65.920404        8.9572993       -16.906977        1.3002615
   5.4177127e+08       -355464.24       -225717.54        65.920404        9.3460812       -16.924735        1.3003664
   5.4177127e+08       -355464.24       -225717.54        65.920404        9.7320403       -16.874712        1.3004289
   5.4177127e+08       -355464.24       -225717.54        65.920404        10.103449       -16.758428        1.3004471
   5.4177127e+08       -355464.24       -225717.54        65.920404        10.449023       -16.579416        1.3004206
   5.4177127e+08       -355464.24       -225717.54        65.920404        10.758262       -16.343115        1.3003500
   5.4177127e+08       -355464.24       -225717.54        65.920404        11.021770       -16.056706        1.3002376
   5.4177127e+08       -355464.24       -225717.54        65.920404        11.231540       -15.728890        1.3000868
   5.4177127e+08       -355464.24       -225717.54        65.920404        11.381198       -15.369628        1.2999021
   5.4177127e+08       -355464.24       -225717.54        65.920404        11.466198       -14.989835        1.2996891
   5.4177127e+08       -355464.24       -225717.54        65.920404        11.483956       -14.601053        1.2994544
   5.4177127e+08       -355464.24       -225717.54        65.920404        11.433933       -14.215094        1.2992050
   5.4177127e+08       -355464.24       -225717.54        65.920404        11.317649       -13.843685        1.2989486
   5.4177127e+08       -355464.24       -225717.54        65.920404        10.920876       -13.635944        1.6668478
   5.4177127e+08       -355464.24       -225717.54        65.920404        10.711855       -13.362406        1.6666291
   5.4177127e+08       -355464.24       -225717.54        65.920404        10.458511       -13.129320        1.6664246
   5.4177127e+08       -355464.24       -225717.54        65.920404        10.168541       -12.943768        1.6662404
   5.4177127e+08       -355464.24       -225717.54        65.920404        9.8507552       -12.811387        1.6660822
   5.4177127e+08       -355464.24       -225717.54        65.920404        9.5148097       -12.736200        1.6659548
   5.4177127e+08       -355464.24       -225717.54        65.920404        9.1709117       -12.720492        1.6658620
   5.4177127e+08       -355464.24       -225717.54        65.920404        8.8295108       -12.764740        1.6658067
   5.4177127e+08       -355464.24       -225717.54        65.920404        8.5009799       -12.867599        1.6657906
   5.4177127e+08       -355464.24       -225717.54        65.920404        8.1953017       -13.025945        1.6658141
   5.4177127e+08       -355464.24       -225717.54        65.920404        7.9217638       -13.234965        1.6658765
   5.4177127e+08       -355464.24       -225717.54        65.920404        7.6886774       -13.488309        1.6659759
   5.4177127e+08       -355464.24       -225717.54        65.920404        7.5031249       -13.778280        1.6661093
   5.4177127e+08       -355464.24       -225717.54        65.920404        7.3707442       -14.096065        1.6662727
   5.4177127e+08       -355464.24       -225717.54        65.920404        7.2955576       -14.432011        1.6664611
   5.4177127e+08       -355464.24       -225717.54        65.920404        7.2798496       -14.775909        1.6666687
   5.4177127e+08       -355464.24       -225717.54        65.920404        7.3240976       -15.117310        1.6668893
   5.4177127e+08       -355464.24       -225717.54        65.920404        7.4269569       -15.445840        1.6671162
   5.4177127e+08       -355464.24       -225717.54        65.920404        7.5853023       -15.751518        1.6673424
   5.4177127e+08       -355464.24       -225717.54        65.920404        7.7943225       -16.025056        1.6675610
   5.4177127e+08       -355464.24       -225717.54        65.920404        8.0476666       -16.258142        1.6677656
   5.4177127e+08       -355464.24       -225717.54        65.920404        8.3376372       -16.443695        1.6679497
   5.4177127e+08       -355464.24       -225717.54        65.920404        8.6554230       -16.576076        1.6681079
   5.4177127e+08       -355464.24       -225717.54        65.920404        8.9913690       -16.651262        1.6682353
   5.4177127e+08       -355464.24       -225717.54        65.920404        9.3352667       -16.666970        1.6683281
   5.4177127e+08       -355464.24       -225717.54        65.920404        9.6766676       -16.622722        1.6683834
   5.4177127e+08       -355464.24       -225717.54        65.920404        10.005198       -16.519862        1.6683995
   5.4177127e+08       -355464.24       -225717.54        65.920404        10.310876       -16.361517        1.6683761
   5.4177127e+08       -355464.24       -225717.54        65.920404        10.584414       -16.152497        1.6683137
   5.4177127e+08       -355464.24       -225717.54        65.920404        10.817500       -15.899153        1.6682142
   5.4177127e+08       -355464.24       -225717.54        65.920404        11.003053       -15.609182        1.6680808
   5.4177127e+08       -355464.24       -225717.54        65.920404        11.135433       -15.291397        1.6679174
   5.4177127e+08       -355464.24       -225717.54        65.920404        11.210620       -14.955450        1.6677290
   5.4177127e+08       -355464.24       -225717.54        65.920404        11.226328       -14.611553        1.6675214
   5.4177127e+08       -355464.24       -225717.54        65.920404        11.182080       -14.270152        1.6673008
   5.4177127e+08       -355464.24       -225717.54        65.920404        11.079220       -13.941621        1.6670740
   5.4177127e+08       -355464.24       -225717.54        65.920404        10.652451       -13.805947        1.9846576
   5.4177127e+08       -355464.24       -225717.54        65.920404        10.477063       -13.576422        1.9844741
   5.4177127e+08       -355464.24       -225717.54        65.920404        10.264482       -13.380839        1.9843024
   5.4177127e+08       -355464.24       -225717.54        65.920404        10.021168       -13.225142        1.9841479
   5.4177127e+08       -355464.24       -225717.54        65.920404        9.7545137       -13.114061        1.9840152
   5.4177127e+08       -355464.24       -225717.54        65.920404        9.4726219       -13.050972        1.9839083
   5.4177127e+08       -355464.24       -225717.54        65.920404        9.1840572       -13.037792        1.9838304
   5.4177127e+08       -355464.24       -225717.54        65.920404        8.8975879       -13.074920        1.9837840
   5.4177127e+08       -355464.24       -225717.54        65.920404        8.6219177       -13.161229        1.9837705
   5.4177127e+08       -355464.24       -225717.54        65.920404        8.3654233       -13.294097        1.9837902
   5.4177127e+08       -355464.24       -225717.54        65.920404        8.1358977       -13.469486        1.9838425
   5.4177127e+08       -355464.24       -225717.54        65.920404        7.9403150       -13.682067        1.9839260
   5.4177127e+08       -355464.24       -225717.54        65.920404        7.7846179       -13.925381        1.9840379
   5.4177127e+08       -355464.24       -225717.54        65.920404        7.6735373       -14.192035        1.9841750
   5.4177127e+08       -355464.24       -225717.54        65.920404        7.6104483       -14.473926        1.9843331
   5.4177127e+08       -355464.24       -225717.54        65.920404        7.5972677       -14.762491        1.9845073
   5.4177127e+08       -355464.24       -225717.54        65.920404        7.6343962       -15.048960        1.9846924
   5.4177127e+08       -355464.24       -225717.54        65.920404        7.7207054       -15.324630        1.9848828
   5.4177127e+08       -355464.24       -225717.54        65.920404        7.8535729       -15.581125        1.9850726
   5.4177127e+08       -355464.24       -225717.54        65.920404        8.0289617       -15.810650        1.9852561
   5.4177127e+08       -355464.24       -225717.54        65.920404        8.2415426       -16.006233        1.9854277
   5.4177127e+08       -355464.24       -225717.54        65.920404        8.4848569       -16.161930        1.9855822
   5.4177127e+08       -355464.24       -225717.54        65.920404        8.7515108       -16.273010        1.9857149
   5.4177127e+08       -355464.24       -225717.54        65.920404        9.0334030       -16.336099        1.9858218
   5.4177127e+08       -355464.24       -225717.54        65.920404        9.3219675       -16.349280        1.9858997
   5.4177127e+08       -355464.24       -225717.54        65.920404        9.6084368       -16.312151        1.9859461
   5.4177127e+08       -355464.24       -225717.54        65.920404        9.8841067       -16.225842        1.9859596
   5.4177127e+08       -355464.24       -225717.54        65.920404        10.140601       -16.092974        1.9859399
   5.4177127e+08       -355464.24       -225717.54        65.920404        10.370127       -15.917585        1.9858876
   5.4177127e+08       -355464.24       -225717.54        65.920404        10.565709       -15.705004        1.9858042
   5.4177127e+08       -355464.24       -225717.54        65.920404        10.721406       -15.461691        1.9856922
   5.4177127e+08       -355464.24       -225717.54        65.920404        10.832487       -15.195037        1.9855551
   5.4177127e+08       -355464.24       -225717.54        65.920404        10.895576       -14.913144        1.9853970
   5.4177127e+08       -355464.24       -225717.54        65.920404        10.908756       -14.624580        1.9852228
   5.4177127e+08       -355464.24       -225717.54        65.920404        10.871628       -14.338110        1.9850377
   5.4177127e+08       -355464.24       -225717.54        65.920404        10.785318       -14.062441        1.9848474
   5.4177127e+08       -355464.24       -225717.54        65.920404        10.341520       -14.002956        2.2424660
   5.4177127e+08       -355464.24       -225717.54        65.920404        10.205092       -13.824417        2.2423232
   5.4177127e+08       -355464.24       -225717.54        65.920404        10.039733       -13.672281        2.2421897
   5.4177127e+08       -355464.24       -225717.54        65.920404        9.8504686       -13.551170        2.2420695
   5.4177127e+08       -355464.24       -225717.54        65.920404        9.6430487       -13.464765        2.2419663
   5.4177127e+08       -355464.24       -225717.54        65.920404        9.4237759       -13.415690        2.2418831
   5.4177127e+08       -355464.24       -225717.54        65.920404        9.1993124       -13.405437        2.2418226
   5.4177127e+08       -355464.24       -225717.54        65.920404        8.9764789       -13.434318        2.2417865
   5.4177127e+08       -355464.24       -225717.54        65.920404        8.7620456       -13.501455        2.2417759
   5.4177127e+08       -355464.24       -225717.54        65.920404        8.5625283       -13.604807        2.2417913
   5.4177127e+08       -355464.24       -225717.54        65.920404        8.3839892       -13.741235        2.2418320
   5.4177127e+08       -355464.24       -225717.54        65.920404        8.2318529       -13.906594        2.2418969
   5.4177127e+08       -355464.24       -225717.54        65.920404        8.1107421       -14.095859        2.2419840
   5.4177127e+08       -355464.24       -225717.54        65.920404        8.0243367       -14.303279        2.2420906
   5.4177127e+08       -355464.24       -225717.54        65.920404        7.9752622       -14.522552        2.2422136
   5.4177127e+08       -355464.24       -225717.54        65.920404        7.9650095       -14.747015        2.2423491
   5.4177127e+08       -355464.24       -225717.54        65.920404        7.9938903       -14.969849        2.2424931
   5.4177127e+08       -355464.24       -225717.54        65.920404        8.0610270       -15.184282        2.2426411
   5.4177127e+08       -355464.24       -225717.54        65.920404        8.1643795       -15.383799        2.2427888
   5.4177127e+08       -355464.24       -225717.54        65.920404        8.3008078       -15.562338        2.2429315
   5.4177127e+08       -355464.24       -225717.54        65.920404        8.4661664       -15.714474        2.2430650
   5.4177127e+08       -355464.24       -225717.54        65.920404        8.6554312       -15.835585        2.2431852
   5.4177127e+08       -355464.24       -225717.54        65.920404        8.8628511       -15.921990        2.2432885
   5.4177127e+08       -355464.24       -225717.54        65.920404        9.0821242       -15.971065        2.2433716
   5.4177127e+08       -355464.24       -225717.54        65.920404        9.3065875       -15.981317        2.2434322
   5.4177127e+08       -355464.24       -225717.54        65.920404        9.5294211       -15.952436        2.2434683
   5.4177127e+08       -355464.24       -225717.54        65.920404        9.7438542       -15.885300        2.2434788
   5.4177127e+08       -355464.24       -225717.54        65.920404        9.9433714       -15.781947        2.2434635
   5.4177127e+08       -355464.24       -225717.54        65.920404        10.121910       -15.645519        2.2434228
   5.4177127e+08       -355464.24       -225717.54        65.920404        10.274047       -15.480160        2.2433579
   5.4177127e+08       -355464.24       -225717.54        65.920404        10.395157       -15.290896        2.2432708
   5.4177127e+08       -355464.24       -225717.54        65.920404        10.481563       -15.083476        2.2431641
   5.4177127e+08       -355464.24       -225717.54        65.920404        10.530637       -14.864202        2.2430412
   5.4177127e+08       -355464.24       -225717.54        65.920404        10.540890       -14.639739        2.2429057
   5.4177127e+08       -355464.24       -225717.54        65.920404        10.512009       -14.416906        2.2427617
   5.4177127e+08       -355464.24       -225717.54        65.920404        10.444872       -14.202472        2.2426136
   5.4177127e+08       -355464.24       -225717.54        65.920404        9.9975297       -14.220985        2.4324393
   5.4177127e+08       -355464.24       -225717.54        65.920404        9.9042073       -14.098857        2.4323417
   5.4177127e+08       -355464.24       -225717.54        65.920404        9.7910954       -13.994789        2.4322504
   5.4177127e+08       -355464.24       -225717.54        65.920404        9.6616308       -13.911945        2.4321681
   5.4177127e+08       -355464.24       -225717.54        65.920404        9.5197472       -13.852840        2.4320975
   5.4177127e+08       -355464.24       -225717.54        65.920404        9.3697558       -13.819271        2.4320406
   5.4177127e+08       -355464.24       -225717.54        65.920404        9.2162137       -13.812258        2.4319992
   5.4177127e+08       -355464.24       -225717.54        65.920404        9.0637866       -13.832013        2.4319745
   5.4177127e+08       -355464.24       -225717.54        65.920404        8.9171056       -13.877937        2.4319673
   5.4177127e+08       -355464.24       -225717.54        65.920404        8.7806278       -13.948635        2.4319778
   5.4177127e+08       -355464.24       -225717.54        65.920404        8.6584998       -14.041957        2.4320057
   5.4177127e+08       -355464.24       -225717.54        65.920404        8.5544325       -14.155069        2.4320500
   5.4177127e+08       -355464.24       -225717.54        65.920404        8.4715878       -14.284534        2.4321096
   5.4177127e+08       -355464.24       -225717.54        65.920404        8.4124831       -14.426417        2.4321826
   5.4177127e+08       -355464.24       -225717.54        65.920404        8.3789141       -14.576409        2.4322667
   5.4177127e+08       -355464.24       -225717.54        65.920404        8.3719009       -14.729951        2.4323594
   5.4177127e+08       -355464.24       -225717.54        65.920404        8.3916565       -14.882378        2.4324579
   5.4177127e+08       -355464.24       -225717.54        65.920404        8.4375807       -15.029059        2.4325591
   5.4177127e+08       -355464.24       -225717.54        65.920404        8.5082780       -15.165537        2.4326601
   5.4177127e+08       -355464.24       -225717.54        65.920404        8.6016004       -15.287665        2.4327578
   5.4177127e+08       -355464.24       -225717.54        65.920404        8.7147123       -15.391732        2.4328491
   5.4177127e+08       -355464.24       -225717.54        65.920404        8.8441771       -15.474576        2.4329313
   5.4177127e+08       -355464.24       -225717.54        65.920404        8.9860606       -15.533681        2.4330019
   5.4177127e+08       -355464.24       -225717.54        65.920404        9.1360523       -15.567250        2.4330588
   5.4177127e+08       -355464.24       -225717.54        65.920404        9.2895942       -15.574263        2.4331002
   5.4177127e+08       -355464.24       -225717.54        65.920404        9.4420213       -15.554508        2.4331249
   5.4177127e+08       -355464.24       -225717.54        65.920404        9.5887022       -15.508583        2.4331321
   5.4177127e+08       -355464.24       -225717.54        65.920404        9.7251800       -15.437886        2.4331217
   5.4177127e+08       -355464.24       -225717.54        65.920404        9.8473080       -15.344564        2.4330938
   5.4177127e+08       -355464.24       -225717.54        65.920404        9.9513752       -15.231452        2.4330494
   5.4177127e+08       -355464.24       -225717.54        65.920404        10.034220       -15.101987        2.4329898
   5.4177127e+08       -355464.24       -225717.54        65.920404        10.093325       -14.960104        2.4329169
   5.4177127e+08       -355464.24       -225717.54        65.920404        10.126894       -14.810112        2.4328328
   5.4177127e+08       -355464.24       -225717.54        65.920404        10.133907       -14.656570        2.4327401
   5.4177127e+08       -355464.24       -225717.54        65.920404        10.114151       -14.504143        2.4326416
   5.4177127e+08       -355464.24       -225717.54        65.920404        10.068227       -14.357462        2.4325403
   5.4177127e+08       -355464.24       -225717.54        65.920404        9.6309319       -14.453408        2.5488056
   5.4177127e+08       -355464.24       -225717.54        65.920404        9.5835509       -14.391402        2.5487560
   5.4177127e+08       -355464.24       -225717.54        65.920404        9.5261225       -14.338566        2.5487096
   5.4177127e+08       -355464.24       -225717.54        65.920404        9.4603916       -14.296505        2.5486679
   5.4177127e+08       -355464.24       -225717.54        65.920404        9.3883555       -14.266497        2.5486320
   5.4177127e+08       -355464.24       -225717.54        65.920404        9.3122029       -14.249453        2.5486032
   5.4177127e+08       -355464.24       -225717.54        65.920404        9.2342477       -14.245893        2.5485821
   5.4177127e+08       -355464.24       -225717.54        65.920404        9.1568585       -14.255923        2.5485696
   5.4177127e+08       -355464.24       -225717.54        65.920404        9.0823866       -14.279239        2.5485659
   5.4177127e+08       -355464.24       -225717.54        65.920404        9.0130951       -14.315133        2.5485713
   5.4177127e+08       -355464.24       -225717.54        65.920404        8.9510891       -14.362514        2.5485854
   5.4177127e+08       -355464.24       -225717.54        65.920404        8.8982528       -14.419942        2.5486079
   5.4177127e+08       -355464.24       -225717.54        65.920404        8.8561915       -14.485673        2.5486382
   5.4177127e+08       -355464.24       -225717.54        65.920404        8.8261833       -14.557709        2.5486752
   5.4177127e+08       -355464.24       -225717.54        65.920404        8.8091399       -14.633862        2.5487179
   5.4177127e+08       -355464.24       -225717.54        65.920404        8.8055791       -14.711817        2.5487650
   5.4177127e+08       -355464.24       -225717.54        65.920404        8.8156093       -14.789206        2.5488150
   5.4177127e+08       -355464.24       -225717.54        65.920404        8.8389256       -14.863678        2.5488664
   5.4177127e+08       -355464.24       -225717.54        65.920404        8.8748196       -14.932970        2.5489177
   5.4177127e+08       -355464.24       -225717.54        65.920404        8.9222006       -14.994976        2.5489673
   5.4177127e+08       -355464.24       -225717.54        65.920404        8.9796289       -15.047812        2.5490136
   5.4177127e+08       -355464.24       -225717.54        65.920404        9.0453599       -15.089873        2.5490554
   5.4177127e+08       -355464.24       -225717.54        65.920404        9.1173960       -15.119881        2.5490912
   5.4177127e+08       -355464.24       -225717.54        65.920404        9.1935487       -15.136925        2.5491201
   5.4177127e+08       -355464.24       -225717.54        65.920404        9.2715039       -15.140485        2.5491411
   5.4177127e+08       -355464.24       -225717.54        65.920404        9.3488931       -15.130455        2.5491537
   5.4177127e+08       -355464.24       -225717.54        65.920404        9.4233649       -15.107139        2.5491573
   5.4177127e+08       -355464.24       -225717.54        65.920404        9.4926564       -15.071245        2.5491520
   5.4177127e+08       -355464.24       -225717.54        65.920404        9.5546623       -15.023864        2.5491379
   5.4177127e+08       -355464.24       -225717.54        65.920404        9.6074986       -14.966436        2.5491153
   5.4177127e+08       -355464.24       -225717.54        65.920404        9.6495599       -14.900705        2.5490851
   5.4177127e+08       -355464.24       -225717.54        65.920404        9.6795681       -14.828669        2.5490481
   5.4177127e+08       -355464.24       -225717.54        65.920404        9.6966115       -14.752516        2.5490053
   5.4177127e+08       -355464.24       -225717.54        65.920404        9.7001722       -14.674561        2.5489583
   5.4177127e+08       -355464.24       -225717.54        65.920404        9.6901420       -14.597171        2.5489083
   5.4177127e+08       -355464.24       -225717.54        65.920404        9.6668257       -14.522700        2.5488569
   5.4177127e+08       -355464.24       -225717.54        65.920404        9.2528659       -14.693165        2.5880289
   5.4177127e+08       -355464.24       -225717.54        65.920404        9.2528659       -14.693165        2.5880289
   5.4177127e+08       -355464.24       -225717.54        65.920404        9.2528660       -14.693165        2.5880289
   5.4177127e+08       -355464.24       -225717.54        65.920404        9.2528660       -14.693165        2.5880289
   5.4177127e+08       -355464.24       -225717.54        65.920404        9.2528661       -14.693165        2.5880289
   5.4177127e+08       -355464.24       -225717.54        65.920404        9.2528662       -14.693165        2.5880289
   5.4177127e+08       -355464.24       -225717.54        65.920404        9.2528662       -14.693165        2.5880289
   5.4177127e+08       -355464.24       -225717.54        65.920404        9.2528663       -14.693165        2.5880289
   5.4177127e+08       -355464.24       -225717.54        65.920404        9.2528664       -14.693165        2.5880289
   5.4177127e+08       -355464.24       -225717.54        65.920404        9.2528664       -14.693165        2.5880289
   5.4177127e+08       -355464.24       -225717.54        65.920404        9.2528665       -14.693165        2.5880289
   5.4177127e+08       -355464.24       -225717.54        65.920404        9.2528665       -14.693165        2.5880289
   5.4177127e+08       -355464.24       -225717.54        65.920404        9.2528666       -14.693165        2.5880289
   5.4177127e+08       -355464.24       -225717.54        65.920404        9.2528666       -14.693165        2.5880289
   5.4177127e+08       -355464.24       -225717.54        65.920404        9.2528666       -14.693165        2.5880289
   5.4177127e+08       -355464.24       -225717.54        65.920404        9.2528666       -14.693165        2.5880289
   5.4177127e+08       -355464.24       -225717.54        65.920404        9.2528666       -14.693165        2.5880289
   5.4177127e+08       -355464.24       -225717.54        65.920404        9.2528666       -14.693165        2.5880289
   5.4177127e+08       -355464.24       -225717.54        65.920404        9.2528666       -14.693165        2.5880289
   5.4177127e+08       -355464.24       -225717.54        65.920404        9.2528665       -14.693165        2.5880289
   5.4177127e+08       -355464.24       -225717.54        65.920404        9.2528665       -14.693165        2.5880289
   5.4177127e+08       -355464.24       -225717.54        65.920404        9.2528664       -14.693165        2.5880289
   5.4177127e+08       -355464.24       -225717.54        65.920404        9.2528663       -14.693164        2.5880289
   5.4177127e+08       -355464.24       -225717.54        65.920404        9.2528663       -14.693164        2.5880289
   5.4177127e+08       -355464.24       -225717.54        65.920404        9.2528662       -14.693164        2.5880289
   5.4177127e+08       -355464.24       -225717.54        65.920404        9.2528661       -14.693164        2.5880289
   5.4177127e+08       -355464.24       -225717.54        65.920404        9.2528661       -14.693165        2.5880289
   5.4177127e+08       -355464.24       -225717.54        65.920404        9.2528660       -14.693165        2.5880289
   5.4177127e+08       -355464.24       -225717.54        65.920404        9.2528659       -14.693165        2.5880289
   5.4177127e+08       -355464.24       -225717.54        65.920404        9.2528659       -14.693165        2.5880289
   5.4177127e+08       -355464.24       -225717.54        65.920404        9.2528658       -14.693165        2.5880289
   5.4177127e+08       -355464.24       -225717.54        65.920404        9.2528658       -14.693165        2.5880289
   5.4177127e+08       -355464.24       -225717.54        65.920404        9.2528658       -14.693165        2.5880289
   5.4177127e+08       -355464.24       -225717.54        65.920404        9.2528658       -14.693165        2.5880289
   5.4177127e+08       -355464.24       -225717.54        65.920404        9.2528658       -14.693165        2.5880289
   5.4177127e+08       -355464.24       -225717.54        65.920404        9.2528658       -14.693165        2.5880289
