   5.3131687e+08       -234452.93       -352622.57       -1938.4677        14.387881       -9.5456963       -2.5845803
   5.3131687e+08       -234452.93       -352622.57       -1938.4677        14.387881       -9.5456963       -2.5845803
   5.3131687e+08       -234452.93       -352622.57       -1938.4677        14.387881       -9.5456963       -2.5845803
   5.3131687e+08       -234452.93       -352622.57       -1938.4677        14.387881       -9.5456963       -2.5845803
   5.3131687e+08       -234452.93       -352622.57       -1938.4677        14.387881       -9.5456963       -2.5845803
   5.3131687e+08       -234452.93       -352622.57       -1938.4677        14.387881       -9.5456963       -2.5845803
   5.3131687e+08       -234452.93       -352622.57       -1938.4677        14.387882       -9.5456963       -2.5845803
   5.3131687e+08       -234452.93       -352622.57       -1938.4677        14.387882       -9.5456963       -2.5845803
   5.3131687e+08       -234452.93       -352622.57       -1938.4677        14.387882       -9.5456962       -2.5845803
   5.3131687e+08       -234452.93       -352622.57       -1938.4677        14.387882       -9.5456962       -2.5845803
   5.3131687e+08       -234452.93       -352622.57       -1938.4677        14.387882       -9.5456961       -2.5845803
   5.3131687e+08       -234452.93       -352622.57       -1938.4677        14.387882       -9.5456960       -2.5845803
   5.3131687e+08       -234452.93       -352622.57       -1938.4677        14.387882       -9.5456959       -2.5845803
   5.3131687e+08       -234452.93       -352622.57       -1938.4677        14.387882       -9.5456959       -2.5845803
   5.3131687e+08       -234452.93       -352622.57       -1938.4677        14.387882       -9.5456958       -2.5845803
   5.3131687e+08       -234452.93       -352622.57       -1938.4677        14.387882       -9.5456957       -2.5845803
   5.3131687e+08       -234452.93       -352622.57       -1938.4677        14.387882       -9.5456957       -2.5845803
   5.3131687e+08       -234452.93       -352622.57       -1938.4677        14.387882       -9.5456956       -2.5845803
   5.3131687e+08       -234452.93       -352622.57       -1938.4677        14.387882       -9.5456956       -2.5845803
   5.3131687e+08       -234452.93       -352622.57       -1938.4677        14.387882       -9.5456955       -2.5845803
   5.3131687e+08       -234452.93       -352622.57       -1938.4677        14.387881       -9.5456955       -2.5845803
   5.3131687e+08       -234452.93       -352622.57       -1938.4677        14.387881       -9.5456955       -2.5845803
   5.3131687e+08       -234452.93       -352622.57       -1938.4677        14.387881       -9.5456955       -2.5845803
   5.3131687e+08       -234452.93       -352622.57       -1938.4677        14.387881       -9.5456955       -2.5845803
   5.3131687e+08       -234452.93       -352622.57       -1938.4677        14.387881       -9.5456955       -2.5845803
   5.3131687e+08       -234452.93       -352622.57       -1938.4677        14.387881       -9.5456956       -2.5845803
   5.3131687e+08       -234452.93       -352622.57       -1938.4677        14.387881       -9.5456956       -2.5845803
   5.3131687e+08       -234452.93       -352622.57       -1938.4677        14.387881       -9.5456957       -2.5845803
   5.3131687e+08       -234452.93       -352622.57       -1938.4677        14.387881       -9.5456958       -2.5845803
   5.3131687e+08       -234452.93       -352622.57       -1938.4677        14.387881       -9.5456958       -2.5845803
   5.3131687e+08       -234452.93       -352622.57       -1938.4677        14.387881       -9.5456959       -2.5845803
   5.3131687e+08       -234452.93       -352622.57       -1938.4677        14.387881       -9.5456960       -2.5845803
   5.3131687e+08       -234452.93       -352622.57       -1938.4677        14.387881       -9.5456960       -2.5845803
   5.3131687e+08       -234452.93       -352622.57       -1938.4677        14.387881       -9.5456961       -2.5845803
   5.3131687e+08       -234452.93       -352622.57       -1938.4677        14.387881       -9.5456962       -2.5845803
   5.3131687e+08       -234452.93       -352622.57       -1938.4677        14.387881       -9.5456962       -2.5845803
   5.3131687e+08       -234279.42       -352356.48       -1910.5869        14.632403       -9.1707017       -2.5452889
   5.3131687e+08       -234328.27       -352330.39       -1910.5609        14.563568       -9.1339401       -2.5452523
   5.3131687e+08       -234380.90       -352313.18       -1910.5385        14.489395       -9.1096900       -2.5452207
   5.3131687e+08       -234435.72       -352305.38       -1910.5202        14.412138       -9.0986884       -2.5451949
   5.3131687e+08       -234491.07       -352307.21       -1910.5066        14.334144       -9.1012695       -2.5451757
   5.3131687e+08       -234545.25       -352318.62       -1910.4981        14.257783       -9.1173549       -2.5451637
   5.3131687e+08       -234596.63       -352339.27       -1910.4950        14.185376       -9.1464558       -2.5451593
   5.3131687e+08       -234643.64       -352368.53       -1910.4973        14.119122       -9.1876880       -2.5451627
   5.3131687e+08       -234684.86       -352405.51       -1910.5051        14.061034       -9.2397987       -2.5451736
   5.3131687e+08       -234719.03       -352449.08       -1910.5180        14.012878       -9.3012045       -2.5451918
   5.3131687e+08       -234745.12       -352497.93       -1910.5357        13.976116       -9.3700396       -2.5452167
   5.3131687e+08       -234762.33       -352550.56       -1910.5576        13.951866       -9.4442127       -2.5452477
   5.3131687e+08       -234770.13       -352605.38       -1910.5831        13.940864       -9.5214698       -2.5452836
   5.3131687e+08       -234768.30       -352660.72       -1910.6114        13.943446       -9.5994636       -2.5453234
   5.3131687e+08       -234756.89       -352714.91       -1910.6416        13.959531       -9.6758243       -2.5453660
   5.3131687e+08       -234736.24       -352766.29       -1910.6729        13.988632       -9.7482317       -2.5454101
   5.3131687e+08       -234706.98       -352813.30       -1910.7042        14.029864       -9.8144858       -2.5454542
   5.3131687e+08       -234670.00       -352854.52       -1910.7346        14.081975       -9.8725734       -2.5454970
   5.3131687e+08       -234626.43       -352888.69       -1910.7632        14.143380       -9.9207296       -2.5455373
   5.3131687e+08       -234577.58       -352914.77       -1910.7891        14.212216       -9.9574912       -2.5455739
   5.3131687e+08       -234524.95       -352931.98       -1910.8116        14.286389       -9.9817412       -2.5456055
   5.3131687e+08       -234470.13       -352939.79       -1910.8299        14.363646       -9.9927428       -2.5456313
   5.3131687e+08       -234414.79       -352937.96       -1910.8435        14.441640       -9.9901617       -2.5456505
   5.3131687e+08       -234360.60       -352926.54       -1910.8520        14.518000       -9.9740763       -2.5456625
   5.3131687e+08       -234309.22       -352905.89       -1910.8551        14.590408       -9.9449753       -2.5456669
   5.3131687e+08       -234262.21       -352876.63       -1910.8527        14.656662       -9.9037431       -2.5456635
   5.3131687e+08       -234220.99       -352839.66       -1910.8450        14.714749       -9.8516324       -2.5456526
   5.3131687e+08       -234186.82       -352796.08       -1910.8320        14.762906       -9.7902266       -2.5456344
   5.3131687e+08       -234160.74       -352747.24       -1910.8144        14.799667       -9.7213914       -2.5456094
   5.3131687e+08       -234143.53       -352694.61       -1910.7924        14.823917       -9.6472185       -2.5455785
   5.3131687e+08       -234135.72       -352639.79       -1910.7669        14.834919       -9.5699614       -2.5455426
   5.3131687e+08       -234137.55       -352584.44       -1910.7386        14.832338       -9.4919676       -2.5455027
   5.3131687e+08       -234148.97       -352530.26       -1910.7084        14.816252       -9.4156067       -2.5454602
   5.3131687e+08       -234169.62       -352478.88       -1910.6772        14.787151       -9.3431993       -2.5454161
   5.3131687e+08       -234198.87       -352431.87       -1910.6459        14.745919       -9.2769453       -2.5453720
   5.3131687e+08       -234235.85       -352390.65       -1910.6155        14.693808       -9.2188577       -2.5453292
   5.3131687e+08       -234111.17       -352098.50       -1827.9678        14.869516       -8.8071402       -2.4288565
   5.3131687e+08       -234207.38       -352047.12       -1827.9167        14.733937       -8.7347339       -2.4287845
   5.3131687e+08       -234311.04       -352013.23       -1827.8725        14.587844       -8.6869706       -2.4287222
   5.3131687e+08       -234419.02       -351997.85       -1827.8364        14.435677       -8.6653017       -2.4286713
   5.3131687e+08       -234528.02       -352001.46       -1827.8096        14.282059       -8.6703854       -2.4286336
   5.3131687e+08       -234634.75       -352023.94       -1827.7929        14.131658       -8.7020674       -2.4286100
   5.3131687e+08       -234735.94       -352064.61       -1827.7868        13.989043       -8.7593851       -2.4286014
   5.3131687e+08       -234828.54       -352122.24       -1827.7914        13.858548       -8.8405967       -2.4286079
   5.3131687e+08       -234909.73       -352195.07       -1827.8067        13.744138       -8.9432348       -2.4286295
   5.3131687e+08       -234977.03       -352280.89       -1827.8322        13.649288       -9.0641808       -2.4286653
   5.3131687e+08       -235028.41       -352377.10       -1827.8670        13.576882       -9.1997596       -2.4287145
   5.3131687e+08       -235062.30       -352480.76       -1827.9102        13.529119       -9.3458521       -2.4287753
   5.3131687e+08       -235077.68       -352588.74       -1827.9604        13.507450       -9.4980191       -2.4288461
   5.3131687e+08       -235074.07       -352697.74       -1828.0161        13.512533       -9.6516370       -2.4289246
   5.3131687e+08       -235051.59       -352804.47       -1828.0757        13.544215       -9.8020383       -2.4290085
   5.3131687e+08       -235010.92       -352905.66       -1828.1372        13.601533       -9.9446531       -2.4290952
   5.3131687e+08       -234953.29       -352998.26       -1828.1988        13.682745       -10.075148       -2.4291821
   5.3131687e+08       -234880.46       -353079.45       -1828.2587        13.785383       -10.189559       -2.4292665
   5.3131687e+08       -234794.64       -353146.75       -1828.3151        13.906329       -10.284408       -2.4293459
   5.3131687e+08       -234698.43       -353198.13       -1828.3661        14.041908       -10.356814       -2.4294179
   5.3131687e+08       -234594.77       -353232.02       -1828.4104        14.188000       -10.404577       -2.4294802
   5.3131687e+08       -234486.79       -353247.40       -1828.4464        14.340167       -10.426246       -2.4295310
   5.3131687e+08       -234377.79       -353243.79       -1828.4732        14.493785       -10.421163       -2.4295688
   5.3131687e+08       -234271.06       -353221.31       -1828.4900        14.644187       -10.389481       -2.4295924
   5.3131687e+08       -234169.86       -353180.64       -1828.4961        14.786802       -10.332163       -2.4296010
   5.3131687e+08       -234077.27       -353123.01       -1828.4914        14.917297       -10.250951       -2.4295944
   5.3131687e+08       -233996.08       -353050.18       -1828.4762        15.031707       -10.148313       -2.4295729
   5.3131687e+08       -233928.78       -352964.36       -1828.4507        15.126556       -10.027367       -2.4295370
   5.3131687e+08       -233877.40       -352868.15       -1828.4158        15.198962       -9.8917882       -2.4294879
   5.3131687e+08       -233843.51       -352764.49       -1828.3727        15.246726       -9.7456958       -2.4294270
   5.3131687e+08       -233828.13       -352656.51       -1828.3224        15.268395       -9.5935289       -2.4293563
   5.3131687e+08       -233831.74       -352547.51       -1828.2667        15.263311       -9.4399110       -2.4292778
   5.3131687e+08       -233854.22       -352440.78       -1828.2072        15.231629       -9.2895093       -2.4291939
   5.3131687e+08       -233894.89       -352339.58       -1828.1457        15.174311       -9.1468945       -2.4291072
   5.3131687e+08       -233952.52       -352246.99       -1828.0840        15.093099       -9.0163994       -2.4290203
   5.3131687e+08       -234025.35       -352165.80       -1828.0241        14.990461       -8.9019891       -2.4289359
   5.3131687e+08       -233953.29       -351856.47       -1693.1209        15.092015       -8.4660590       -2.2388211
   5.3131687e+08       -234093.93       -351781.36       -1693.0462        14.893812       -8.3602080       -2.2387159
   5.3131687e+08       -234245.48       -351731.81       -1692.9815        14.680239       -8.2903828       -2.2386247
   5.3131687e+08       -234403.33       -351709.33       -1692.9288        14.457786       -8.2587049       -2.2385504
   5.3131687e+08       -234562.69       -351714.61       -1692.8896        14.233211       -8.2661369       -2.2384952
   5.3131687e+08       -234718.70       -351747.47       -1692.8652        14.013339       -8.3124529       -2.2384608
   5.3131687e+08       -234866.65       -351806.93       -1692.8562        13.804850       -8.3962456       -2.2384482
   5.3131687e+08       -235002.02       -351891.18       -1692.8630        13.614079       -8.5149691       -2.2384577
   5.3131687e+08       -235120.70       -351997.65       -1692.8854        13.446822       -8.6650160       -2.2384892
   5.3131687e+08       -235219.09       -352123.11       -1692.9226        13.308161       -8.8418271       -2.2385417
   5.3131687e+08       -235294.20       -352263.75       -1692.9735        13.202310       -9.0400302       -2.2386135
   5.3131687e+08       -235343.75       -352415.30       -1693.0367        13.132485       -9.2536031       -2.2387024
   5.3131687e+08       -235366.23       -352573.15       -1693.1101        13.100807       -9.4760564       -2.2388059
   5.3131687e+08       -235360.95       -352732.51       -1693.1915        13.108239       -9.7006308       -2.2389207
   5.3131687e+08       -235328.09       -352888.53       -1693.2786        13.154555       -9.9205028       -2.2390433
   5.3131687e+08       -235268.63       -353036.47       -1693.3685        13.238348       -10.128992       -2.2391701
   5.3131687e+08       -235184.38       -353171.84       -1693.4586        13.357072       -10.319763       -2.2392971
   5.3131687e+08       -235077.91       -353290.52       -1693.5462        13.507119       -10.487020       -2.2394205
   5.3131687e+08       -234952.45       -353388.91       -1693.6286        13.683930       -10.625680       -2.2395366
   5.3131687e+08       -234811.81       -353464.02       -1693.7032        13.882133       -10.731531       -2.2396418
   5.3131687e+08       -234660.26       -353513.57       -1693.7679        14.095706       -10.801356       -2.2397329
   5.3131687e+08       -234502.41       -353536.05       -1693.8206        14.318159       -10.833034       -2.2398072
   5.3131687e+08       -234343.05       -353530.78       -1693.8598        14.542733       -10.825602       -2.2398624
   5.3131687e+08       -234187.03       -353497.91       -1693.8842        14.762606       -10.779286       -2.2398969
   5.3131687e+08       -234039.09       -353438.45       -1693.8932        14.971095       -10.695493       -2.2399095
   5.3131687e+08       -233903.72       -353354.21       -1693.8864        15.161866       -10.576770       -2.2398999
   5.3131687e+08       -233785.04       -353247.74       -1693.8640        15.329122       -10.426723       -2.2398684
   5.3131687e+08       -233686.65       -353122.27       -1693.8268        15.467783       -10.249911       -2.2398160
   5.3131687e+08       -233611.54       -352981.63       -1693.7759        15.573634       -10.051708       -2.2397442
   5.3131687e+08       -233561.99       -352830.08       -1693.7127        15.643459       -9.8381355       -2.2396552
   5.3131687e+08       -233539.51       -352672.23       -1693.6393        15.675137       -9.6156824       -2.2395518
   5.3131687e+08       -233544.79       -352512.88       -1693.5579        15.667705       -9.3911081       -2.2394370
   5.3131687e+08       -233577.65       -352356.86       -1693.4709        15.621389       -9.1712355       -2.2393143
   5.3131687e+08       -233637.11       -352208.91       -1693.3809        15.537596       -8.9627465       -2.2391876
   5.3131687e+08       -233721.35       -352073.55       -1693.2908        15.418872       -8.7719755       -2.2390606
   5.3131687e+08       -233827.83       -351954.86       -1693.2032        15.268825       -8.6047188       -2.2389372
   5.3131687e+08       -233810.57       -351637.75       -1510.1432        15.293140       -8.1578211       -1.9809566
   5.3131687e+08       -233991.38       -351541.19       -1510.0472        15.038335       -8.0217417       -1.9808213
   5.3131687e+08       -234186.21       -351477.49       -1509.9640        14.763771       -7.9319761       -1.9807041
   5.3131687e+08       -234389.14       -351448.59       -1509.8963        14.477790       -7.8912518       -1.9806086
   5.3131687e+08       -234594.00       -351455.37       -1509.8459        14.189083       -7.9008062       -1.9805376
   5.3131687e+08       -234794.57       -351497.62       -1509.8145        13.906421       -7.9603489       -1.9804934
   5.3131687e+08       -234984.76       -351574.06       -1509.8030        13.638392       -8.0680708       -1.9804771
   5.3131687e+08       -235158.79       -351682.37       -1509.8117        13.393141       -8.2206988       -1.9804895
   5.3131687e+08       -235311.37       -351819.24       -1509.8404        13.178120       -8.4135954       -1.9805299
   5.3131687e+08       -235437.86       -351980.54       -1509.8883        12.999862       -8.6408995       -1.9805974
   5.3131687e+08       -235534.42       -352161.34       -1509.9538        12.863782       -8.8957045       -1.9806897
   5.3131687e+08       -235598.11       -352356.17       -1510.0349        12.774017       -9.1702685       -1.9808041
   5.3131687e+08       -235627.01       -352559.10       -1510.1293        12.733292       -9.4562490       -1.9809371
   5.3131687e+08       -235620.23       -352763.96       -1510.2340        12.742847       -9.7449563       -1.9810846
   5.3131687e+08       -235577.98       -352964.54       -1510.3459        12.802389       -10.027618       -1.9812423
   5.3131687e+08       -235501.54       -353154.73       -1510.4615        12.910111       -10.295647       -1.9814052
   5.3131687e+08       -235393.24       -353328.75       -1510.5774        13.062739       -10.540898       -1.9815685
   5.3131687e+08       -235256.36       -353481.33       -1510.6900        13.255636       -10.755919       -1.9817272
   5.3131687e+08       -235095.07       -353607.82       -1510.7959        13.482940       -10.934177       -1.9818764
   5.3131687e+08       -234914.26       -353704.38       -1510.8918        13.737745       -11.070256       -1.9820117
   5.3131687e+08       -234719.44       -353768.08       -1510.9750        14.012309       -11.160022       -1.9821288
   5.3131687e+08       -234516.51       -353796.97       -1511.0428        14.298290       -11.200746       -1.9822243
   5.3131687e+08       -234311.64       -353790.19       -1511.0931        14.586997       -11.191192       -1.9822953
   5.3131687e+08       -234111.07       -353747.94       -1511.1245        14.869660       -11.131649       -1.9823396
   5.3131687e+08       -233920.88       -353671.50       -1511.1360        15.137688       -11.023927       -1.9823558
   5.3131687e+08       -233746.85       -353563.20       -1511.1273        15.382938       -10.871299       -1.9823435
   5.3131687e+08       -233594.28       -353426.32       -1511.0986        15.597960       -10.678402       -1.9823030
   5.3131687e+08       -233467.79       -353265.03       -1511.0507        15.776218       -10.451098       -1.9822356
   5.3131687e+08       -233371.23       -353084.23       -1510.9852        15.912297       -10.196293       -1.9821433
   5.3131687e+08       -233307.53       -352889.40       -1510.9041        16.002063       -9.9217291       -1.9820289
   5.3131687e+08       -233278.63       -352686.47       -1510.8097        16.042787       -9.6357488       -1.9818959
   5.3131687e+08       -233285.41       -352481.61       -1510.7050        16.033233       -9.3470415       -1.9817483
   5.3131687e+08       -233327.66       -352281.03       -1510.5931        15.973690       -9.0643787       -1.9815907
   5.3131687e+08       -233404.10       -352090.84       -1510.4775        15.865968       -8.7963505       -1.9814277
   5.3131687e+08       -233512.40       -351916.81       -1510.3616        15.713340       -8.5510999       -1.9812645
   5.3131687e+08       -233649.28       -351764.24       -1510.2490        15.520443       -8.3360788       -1.9811058
   5.3131687e+08       -233687.36       -351448.98       -1284.5946        15.466779       -7.8917927       -1.6630984
   5.3131687e+08       -233902.84       -351333.90       -1284.4802        15.163114       -7.7296196       -1.6629372
   5.3131687e+08       -234135.02       -351257.99       -1284.3812        14.835902       -7.6226411       -1.6627975
   5.3131687e+08       -234376.86       -351223.55       -1284.3004        14.495084       -7.5741078       -1.6626837
   5.3131687e+08       -234621.01       -351231.63       -1284.2404        14.151016       -7.5854942       -1.6625991
   5.3131687e+08       -234860.05       -351281.98       -1284.2029        13.814152       -7.6564544       -1.6625464
   5.3131687e+08       -235086.71       -351373.08       -1284.1892        13.494728       -7.7848324       -1.6625270
   5.3131687e+08       -235294.10       -351502.15       -1284.1996        13.202450       -7.9667273       -1.6625417
   5.3131687e+08       -235475.94       -351665.27       -1284.2338        12.946197       -8.1966126       -1.6625899
   5.3131687e+08       -235626.68       -351857.50       -1284.2909        12.733757       -8.4675030       -1.6626703
   5.3131687e+08       -235741.76       -352072.97       -1284.3689        12.571584       -8.7711678       -1.6627803
   5.3131687e+08       -235817.67       -352305.16       -1284.4657        12.464605       -9.0983805       -1.6629166
   5.3131687e+08       -235852.11       -352547.00       -1284.5781        12.416072       -9.4391988       -1.6630751
   5.3131687e+08       -235844.03       -352791.15       -1284.7029        12.427458       -9.7832667       -1.6632510
   5.3131687e+08       -235793.67       -353030.18       -1284.8362        12.498419       -10.120130       -1.6634389
   5.3131687e+08       -235702.58       -353256.84       -1284.9740        12.626797       -10.439554       -1.6636331
   5.3131687e+08       -235573.51       -353464.24       -1285.1121        12.808692       -10.731833       -1.6638276
   5.3131687e+08       -235410.38       -353646.07       -1285.2463        13.038577       -10.988085       -1.6640167
   5.3131687e+08       -235218.16       -353796.82       -1285.3725        13.309467       -11.200525       -1.6641946
   5.3131687e+08       -235002.69       -353911.89       -1285.4869        13.613132       -11.362698       -1.6643558
   5.3131687e+08       -234770.50       -353987.80       -1285.5859        13.940345       -11.469676       -1.6644954
   5.3131687e+08       -234528.66       -354022.24       -1285.6667        14.281163       -11.518210       -1.6646092
   5.3131687e+08       -234284.51       -354014.16       -1285.7267        14.625231       -11.506823       -1.6646938
   5.3131687e+08       -234045.48       -353963.81       -1285.7642        14.962095       -11.435863       -1.6647466
   5.3131687e+08       -233818.82       -353872.71       -1285.7779        15.281519       -11.307484       -1.6647659
   5.3131687e+08       -233611.42       -353743.64       -1285.7675        15.573797       -11.125589       -1.6647513
   5.3131687e+08       -233429.59       -353580.52       -1285.7333        15.830049       -10.895704       -1.6647030
   5.3131687e+08       -233278.84       -353388.30       -1285.6762        16.042490       -10.624814       -1.6646227
   5.3131687e+08       -233163.77       -353172.82       -1285.5982        16.204662       -10.321149       -1.6645127
   5.3131687e+08       -233087.86       -352940.64       -1285.5014        16.311641       -9.9939363       -1.6643763
   5.3131687e+08       -233053.42       -352698.79       -1285.3890        16.360174       -9.6531183       -1.6642178
   5.3131687e+08       -233061.50       -352454.65       -1285.2642        16.348788       -9.3090504       -1.6640420
   5.3131687e+08       -233111.85       -352215.61       -1285.1309        16.277827       -8.9721860       -1.6638541
   5.3131687e+08       -233202.95       -351988.95       -1284.9931        16.149449       -8.6527623       -1.6636599
   5.3131687e+08       -233332.02       -351781.56       -1284.8550        15.967554       -8.3604841       -1.6634653
   5.3131687e+08       -233495.14       -351599.72       -1284.7208        15.737669       -8.1042320       -1.6632762
   5.3131687e+08       -233587.39       -351295.89       -1023.3282        15.607658       -7.6760566       -1.2949041
   5.3131687e+08       -233831.00       -351165.80       -1023.1989        15.264360       -7.4927173       -1.2947219
   5.3131687e+08       -234093.49       -351079.98       -1023.0869        14.894441       -7.3717764       -1.2945641
   5.3131687e+08       -234366.89       -351041.05       -1022.9956        14.509140       -7.3169087       -1.2944354
   5.3131687e+08       -234642.90       -351050.18       -1022.9277        14.120166       -7.3297813       -1.2943397
   5.3131687e+08       -234913.13       -351107.11       -1022.8854        13.739336       -7.4100029       -1.2942801
   5.3131687e+08       -235169.38       -351210.09       -1022.8699        13.378222       -7.5551363       -1.2942582
   5.3131687e+08       -235403.84       -351356.01       -1022.8817        13.047797       -7.7607714       -1.2942748
   5.3131687e+08       -235609.41       -351540.42       -1022.9204        12.758099       -8.0206604       -1.2943294
   5.3131687e+08       -235779.83       -351757.73       -1022.9848        12.517932       -8.3269063       -1.2944202
   5.3131687e+08       -235909.92       -352001.33       -1023.0731        12.334593       -8.6702042       -1.2945446
   5.3131687e+08       -235995.74       -352263.82       -1023.1824        12.213652       -9.0401233       -1.2946987
   5.3131687e+08       -236034.68       -352537.23       -1023.3096        12.158785       -9.4254238       -1.2948779
   5.3131687e+08       -236025.54       -352813.24       -1023.4507        12.171657       -9.8143981       -1.2950767
   5.3131687e+08       -235968.62       -353083.47       -1023.6014        12.251879       -10.195228       -1.2952891
   5.3131687e+08       -235865.63       -353339.71       -1023.7572        12.397012       -10.556341       -1.2955086
   5.3131687e+08       -235719.72       -353574.18       -1023.9133        12.602648       -10.886767       -1.2957286
   5.3131687e+08       -235535.30       -353779.74       -1024.0649        12.862536       -11.176464       -1.2959424
   5.3131687e+08       -235317.99       -353950.16       -1024.2076        13.168782       -11.416631       -1.2961434
   5.3131687e+08       -235074.39       -354080.26       -1024.3369        13.512080       -11.599970       -1.2963257
   5.3131687e+08       -234811.90       -354166.08       -1024.4489        13.881999       -11.720911       -1.2964835
   5.3131687e+08       -234538.50       -354205.01       -1024.5403        14.267300       -11.775779       -1.2966122
   5.3131687e+08       -234262.49       -354195.88       -1024.6081        14.656274       -11.762906       -1.2967078
   5.3131687e+08       -233992.25       -354138.95       -1024.6504        15.037104       -11.682684       -1.2967675
   5.3131687e+08       -233736.01       -354035.97       -1024.6660        15.398218       -11.537550       -1.2967894
   5.3131687e+08       -233501.54       -353890.05       -1024.6542        15.728643       -11.331915       -1.2967728
   5.3131687e+08       -233295.98       -353705.64       -1024.6155        16.018340       -11.072026       -1.2967182
   5.3131687e+08       -233125.56       -353488.33       -1024.5510        16.258507       -10.765780       -1.2966274
   5.3131687e+08       -232995.46       -353244.73       -1024.4628        16.441846       -10.422482       -1.2965030
   5.3131687e+08       -232909.65       -352982.24       -1024.3534        16.562787       -10.052563       -1.2963489
   5.3131687e+08       -232870.71       -352708.83       -1024.2263        16.617655       -9.6672632       -1.2961697
   5.3131687e+08       -232879.85       -352432.82       -1024.0852        16.604782       -9.2782889       -1.2959709
   5.3131687e+08       -232936.77       -352162.59       -1023.9345        16.524560       -8.8974583       -1.2957585
   5.3131687e+08       -233039.76       -351906.34       -1023.7787        16.379427       -8.5363449       -1.2955390
   5.3131687e+08       -233185.67       -351671.88       -1023.6226        16.173791       -8.2059197       -1.2953190
   5.3131687e+08       -233370.09       -351466.31       -1023.4709        15.913902       -7.9162225       -1.2951052
   5.3131687e+08       -233513.71       -351183.15       -734.28249        15.711494       -7.5171679      -0.88756140
   5.3131687e+08       -233778.04       -351041.99       -734.14219        15.338994       -7.3182331      -0.88736367
   5.3131687e+08       -234062.85       -350948.87       -734.02065        14.937609       -7.1870046      -0.88719239
   5.3131687e+08       -234359.52       -350906.62       -733.92155        14.519533       -7.1274696      -0.88705274
   5.3131687e+08       -234659.01       -350916.53       -733.84793        14.097471       -7.1414371      -0.88694898
   5.3131687e+08       -234952.23       -350978.30       -733.80200        13.684247       -7.2284827      -0.88688425
   5.3131687e+08       -235230.26       -351090.05       -733.78517        13.292415       -7.3859617      -0.88686053
   5.3131687e+08       -235484.67       -351248.37       -733.79794        12.933883       -7.6090888      -0.88687854
   5.3131687e+08       -235707.73       -351448.48       -733.83994        12.619542       -7.8910849      -0.88693772
   5.3131687e+08       -235892.64       -351684.27       -733.90987        12.358946       -8.2233812      -0.88703628
   5.3131687e+08       -236033.81       -351948.59       -734.00563        12.160011       -8.5958812      -0.88717122
   5.3131687e+08       -236126.92       -352233.41       -734.12429        12.028783       -8.9972671      -0.88733845
   5.3131687e+08       -236169.17       -352530.07       -734.26226        11.969248       -9.4153426      -0.88753288
   5.3131687e+08       -236159.26       -352829.56       -734.41534        11.983215       -9.8374044      -0.88774861
   5.3131687e+08       -236097.49       -353122.78       -734.57888        12.070261       -10.250629      -0.88797908
   5.3131687e+08       -235985.75       -353400.82       -734.74790        12.227740       -10.642460      -0.88821729
   5.3131687e+08       -235827.42       -353655.23       -734.91729        12.450867       -11.000993      -0.88845599
   5.3131687e+08       -235627.32       -353878.28       -735.08188        12.732863       -11.315333      -0.88868795
   5.3131687e+08       -235391.52       -354063.20       -735.23668        13.065159       -11.575929      -0.88890610
   5.3131687e+08       -235127.20       -354204.36       -735.37698        13.437660       -11.774864      -0.88910383
   5.3131687e+08       -234842.38       -354297.48       -735.49853        13.839045       -11.906092      -0.88927511
   5.3131687e+08       -234545.72       -354339.72       -735.59762        14.257121       -11.965627      -0.88941476
   5.3131687e+08       -234246.23       -354329.81       -735.67125        14.679183       -11.951659      -0.88951852
   5.3131687e+08       -233953.01       -354268.05       -735.71717        15.092408       -11.864613      -0.88958325
   5.3131687e+08       -233674.97       -354156.30       -735.73401        15.484239       -11.707134      -0.88960697
   5.3131687e+08       -233420.56       -353997.97       -735.72123        15.842771       -11.484007      -0.88958896
   5.3131687e+08       -233197.51       -353797.87       -735.67924        16.157111       -11.202011      -0.88952978
   5.3131687e+08       -233012.59       -353562.08       -735.60930        16.417708       -10.869715      -0.88943122
   5.3131687e+08       -232871.43       -353297.76       -735.51354        16.616642       -10.497215      -0.88929628
   5.3131687e+08       -232778.31       -353012.94       -735.39488        16.747871       -10.095829      -0.88912905
   5.3131687e+08       -232736.07       -352716.28       -735.25691        16.807405       -9.6777537      -0.88893462
   5.3131687e+08       -232745.98       -352416.79       -735.10383        16.793438       -9.2556919      -0.88871889
   5.3131687e+08       -232807.75       -352123.57       -734.94030        16.706392       -8.8424665      -0.88848842
   5.3131687e+08       -232919.49       -351845.53       -734.77127        16.548913       -8.4506354      -0.88825021
   5.3131687e+08       -233077.82       -351591.12       -734.60188        16.325786       -8.0921030      -0.88801150
   5.3131687e+08       -233277.92       -351368.06       -734.43729        16.043789       -7.7777632      -0.88777955
   5.3131687e+08       -233468.56       -351114.17       -426.23992        15.775134       -7.4199544      -0.45344703
   5.3131687e+08       -233745.57       -350966.23       -426.09288        15.384750       -7.2114686      -0.45323982
   5.3131687e+08       -234044.06       -350868.64       -425.96550        14.964094       -7.0739397      -0.45306030
   5.3131687e+08       -234354.96       -350824.37       -425.86166        14.525946       -7.0115464      -0.45291395
   5.3131687e+08       -234668.83       -350834.75       -425.78449        14.083621       -7.0261846      -0.45280521
   5.3131687e+08       -234976.13       -350899.48       -425.73636        13.650557       -7.1174092      -0.45273738
   5.3131687e+08       -235267.52       -351016.59       -425.71872        13.239914       -7.2824488      -0.45271252
   5.3131687e+08       -235534.14       -351182.52       -425.73211        12.864168       -7.5162884      -0.45273139
   5.3131687e+08       -235767.90       -351392.23       -425.77612        12.534736       -7.8118233      -0.45279341
   5.3131687e+08       -235961.70       -351639.35       -425.84941        12.261628       -8.1600733      -0.45289670
   5.3131687e+08       -236109.64       -351916.36       -425.94977        12.053143       -8.5504573      -0.45303812
   5.3131687e+08       -236207.23       -352214.85       -426.07413        11.915614       -8.9711139      -0.45321338
   5.3131687e+08       -236251.50       -352525.76       -426.21872        11.853220       -9.4092614      -0.45341715
   5.3131687e+08       -236241.11       -352839.63       -426.37915        11.867859       -9.8515866      -0.45364324
   5.3131687e+08       -236176.38       -353146.92       -426.55053        11.959083       -10.284650      -0.45388477
   5.3131687e+08       -236059.27       -353438.31       -426.72768        12.124123       -10.695293      -0.45413441
   5.3131687e+08       -235893.34       -353704.94       -426.90519        12.357963       -11.071040      -0.45438458
   5.3131687e+08       -235683.63       -353938.70       -427.07769        12.653497       -11.400471      -0.45462767
   5.3131687e+08       -235436.52       -354132.49       -427.23992        13.001747       -11.673579      -0.45485630
   5.3131687e+08       -235159.51       -354280.43       -427.38696        13.392131       -11.882064      -0.45506351
   5.3131687e+08       -234861.01       -354378.02       -427.51434        13.812788       -12.019593      -0.45524302
   5.3131687e+08       -234550.11       -354422.29       -427.61819        14.250936       -12.081986      -0.45538938
   5.3131687e+08       -234236.24       -354411.90       -427.69535        14.693261       -12.067348      -0.45549812
   5.3131687e+08       -233928.94       -354347.17       -427.74348        15.126325       -11.976123      -0.45556595
   5.3131687e+08       -233637.56       -354230.06       -427.76112        15.536968       -11.811083      -0.45559081
   5.3131687e+08       -233370.93       -354064.13       -427.74773        15.912714       -11.577244      -0.45557194
   5.3131687e+08       -233137.17       -353854.42       -427.70372        16.242146       -11.281709      -0.45550992
   5.3131687e+08       -232943.38       -353607.31       -427.63043        16.515253       -10.933459      -0.45540663
   5.3131687e+08       -232795.44       -353330.30       -427.53008        16.723739       -10.543075      -0.45526520
   5.3131687e+08       -232697.85       -353031.80       -427.40571        16.861268       -10.122418      -0.45508995
   5.3131687e+08       -232653.57       -352720.90       -427.26112        16.923661       -9.6842711      -0.45488618
   5.3131687e+08       -232663.96       -352407.03       -427.10070        16.909023       -9.2419458      -0.45466009
   5.3131687e+08       -232728.69       -352099.73       -426.92931        16.817797       -8.8088812      -0.45441856
   5.3131687e+08       -232845.80       -351808.35       -426.75216        16.652758       -8.3982381      -0.45416892
   5.3131687e+08       -233011.73       -351541.72       -426.57465        16.418918       -8.0224924      -0.45391875
   5.3131687e+08       -233221.44       -351307.96       -426.40215        16.123383       -7.6930610      -0.45367566
   5.3131687e+08       -233453.29       -351091.05       -108.56024        15.796644       -7.3873698    -0.0057513986
   5.3131687e+08       -233734.58       -350940.82       -108.41093        15.400237       -7.1756678    -0.0055409847
   5.3131687e+08       -234037.68       -350841.73       -108.28159        14.973092       -7.0360173    -0.0053587042
   5.3131687e+08       -234353.38       -350796.77       -108.17614        14.528185       -6.9726615    -0.0052100957
   5.3131687e+08       -234672.09       -350807.32       -108.09778        14.079036       -6.9875254    -0.0050996746
   5.3131687e+08       -234984.12       -350873.05       -108.04891        13.639292       -7.0801574    -0.0050307960
   5.3131687e+08       -235280.01       -350991.97       -108.03100        13.222313       -7.2477430    -0.0050055527
   5.3131687e+08       -235550.75       -351160.46       -108.04459        12.840771       -7.4851900    -0.0050247117
   5.3131687e+08       -235788.11       -351373.40       -108.08928        12.506257       -7.7852839    -0.0050876909
   5.3131687e+08       -235984.90       -351624.33       -108.16371        12.228936       -8.1389063    -0.0051925767
   5.3131687e+08       -236135.12       -351905.61       -108.26561        12.017234       -8.5353125    -0.0053361821
   5.3131687e+08       -236234.21       -352208.71       -108.39189        11.877584       -8.9624584    -0.0055141440
   5.3131687e+08       -236279.17       -352524.41       -108.53871        11.814228       -9.4073651    -0.0057210549
   5.3131687e+08       -236268.62       -352843.12       -108.70161        11.829092       -9.8565139    -0.0059506278
   5.3131687e+08       -236202.89       -353155.16       -108.87564        11.921724       -10.296258    -0.0061958873
   5.3131687e+08       -236083.97       -353451.04       -109.05552        12.089309       -10.713236    -0.0064493815
   5.3131687e+08       -235915.48       -353721.78       -109.23577        12.326757       -11.094779    -0.0067034083
   5.3131687e+08       -235702.54       -353959.15       -109.41093        12.626851       -11.429292    -0.0069502486
   5.3131687e+08       -235451.61       -354155.93       -109.57566        12.980473       -11.706613    -0.0071824026
   5.3131687e+08       -235170.33       -354306.15       -109.72497        13.376879       -11.918315    -0.0073928164
   5.3131687e+08       -234867.23       -354405.25       -109.85431        13.804025       -12.057965    -0.0075750968
   5.3131687e+08       -234551.53       -354450.20       -109.95977        14.248932       -12.121321    -0.0077237054
   5.3131687e+08       -234232.82       -354439.66       -110.03812        14.698081       -12.106457    -0.0078341263
   5.3131687e+08       -233920.78       -354373.92       -110.08699        15.137826       -12.013825    -0.0079030049
   5.3131687e+08       -233624.90       -354255.01       -110.10491        15.554804       -11.846239    -0.0079282481
   5.3131687e+08       -233354.16       -354086.52       -110.09131        15.936346       -11.608792    -0.0079090890
   5.3131687e+08       -233116.79       -353873.57       -110.04662        16.270859       -11.308698    -0.0078461097
   5.3131687e+08       -232920.01       -353622.65       -109.97220        16.548180       -10.955076    -0.0077412239
   5.3131687e+08       -232769.79       -353341.36       -109.87030        16.759882       -10.558669    -0.0075976184
   5.3131687e+08       -232670.70       -353038.27       -109.74402        16.899532       -10.131524    -0.0074196566
   5.3131687e+08       -232625.74       -352722.56       -109.59719        16.962888       -9.6866172    -0.0072127458
   5.3131687e+08       -232636.29       -352403.85       -109.43429        16.948024       -9.2374684    -0.0069831729
   5.3131687e+08       -232702.02       -352091.82       -109.26026        16.855392       -8.7977231    -0.0067379127
   5.3131687e+08       -232820.93       -351795.93       -109.08038        16.687806       -8.3807451    -0.0064844185
   5.3131687e+08       -232989.42       -351525.20       -108.90013        16.450359       -7.9992030    -0.0062303920
   5.3131687e+08       -233202.37       -351287.83       -108.72497        16.150265       -7.6646895    -0.0059835518
   5.3131687e+08       -233468.39       -351114.49        209.10402        15.775369       -7.4204042       0.44192250
   5.3131687e+08       -233745.40       -350966.55        209.25106        15.384985       -7.2119185       0.44212971
   5.3131687e+08       -234043.89       -350868.96        209.37844        14.964329       -7.0743896       0.44230922
   5.3131687e+08       -234354.80       -350824.68        209.48228        14.526181       -7.0119963       0.44245557
   5.3131687e+08       -234668.67       -350835.07        209.55945        14.083856       -7.0266344       0.44256432
   5.3131687e+08       -234975.96       -350899.80        209.60758        13.650792       -7.1178591       0.44263215
   5.3131687e+08       -235267.35       -351016.91        209.62522        13.240149       -7.2828987       0.44265701
   5.3131687e+08       -235533.98       -351182.84        209.61183        12.864403       -7.5167383       0.44263814
   5.3131687e+08       -235767.74       -351392.55        209.56782        12.534971       -7.8122732       0.44257612
   5.3131687e+08       -235961.53       -351639.67        209.49453        12.261863       -8.1605232       0.44247283
   5.3131687e+08       -236109.47       -351916.68        209.39417        12.053378       -8.5509072       0.44233140
   5.3131687e+08       -236207.06       -352215.17        209.26981        11.915849       -8.9715638       0.44215615
   5.3131687e+08       -236251.33       -352526.08        209.12522        11.853455       -9.4097113       0.44195238
   5.3131687e+08       -236240.95       -352839.94        208.96479        11.868094       -9.8520365       0.44172629
   5.3131687e+08       -236176.21       -353147.24        208.79340        11.959318       -10.285100       0.44148476
   5.3131687e+08       -236059.10       -353438.63        208.61626        12.124358       -10.695743       0.44123512
   5.3131687e+08       -235893.17       -353705.25        208.43874        12.358198       -11.071489       0.44098495
   5.3131687e+08       -235683.47       -353939.02        208.26625        12.653732       -11.400921       0.44074186
   5.3131687e+08       -235436.35       -354132.81        208.10402        13.001982       -11.674029       0.44051323
   5.3131687e+08       -235159.34       -354280.75        207.95698        13.392366       -11.882514       0.44030601
   5.3131687e+08       -234860.85       -354378.34        207.82960        13.813023       -12.020043       0.44012650
   5.3131687e+08       -234549.94       -354422.61        207.72575        14.251171       -12.082436       0.43998015
   5.3131687e+08       -234236.07       -354412.22        207.64859        14.693496       -12.067798       0.43987141
   5.3131687e+08       -233928.78       -354347.49        207.60046        15.126560       -11.976573       0.43980358
   5.3131687e+08       -233637.39       -354230.38        207.58282        15.537203       -11.811533       0.43977872
   5.3131687e+08       -233370.76       -354064.45        207.59621        15.912949       -11.577693       0.43979759
   5.3131687e+08       -233137.00       -353854.74        207.64022        16.242381       -11.282159       0.43985961
   5.3131687e+08       -232943.21       -353607.63        207.71351        16.515488       -10.933909       0.43996290
   5.3131687e+08       -232795.27       -353330.62        207.81386        16.723974       -10.543525       0.44010432
   5.3131687e+08       -232697.68       -353032.12        207.93822        16.861503       -10.122868       0.44027958
   5.3131687e+08       -232653.41       -352721.22        208.08282        16.923896       -9.6847209       0.44048335
   5.3131687e+08       -232663.79       -352407.35        208.24324        16.909258       -9.2423957       0.44070943
   5.3131687e+08       -232728.53       -352100.05        208.41463        16.818032       -8.8093311       0.44095097
   5.3131687e+08       -232845.64       -351808.67        208.59178        16.652993       -8.3986880       0.44120061
   5.3131687e+08       -233011.57       -351542.04        208.76929        16.419153       -8.0229423       0.44145078
   5.3131687e+08       -233221.28       -351308.28        208.94179        16.123618       -7.6935109       0.44169387
   5.3131687e+08       -233513.38       -351183.78        517.10078        15.711957       -7.5180540       0.87597230
   5.3131687e+08       -233777.71       -351042.62        517.24108        15.339457       -7.3191192       0.87617003
   5.3131687e+08       -234062.53       -350949.50        517.36262        14.938071       -7.1878906       0.87634131
   5.3131687e+08       -234359.19       -350907.25        517.46171        14.519996       -7.1283557       0.87648096
   5.3131687e+08       -234658.68       -350917.16        517.53534        14.097934       -7.1423232       0.87658472
   5.3131687e+08       -234951.90       -350978.93        517.58127        13.684710       -7.2293688       0.87664945
   5.3131687e+08       -235229.94       -351090.67        517.59810        13.292878       -7.3868477       0.87667317
   5.3131687e+08       -235484.35       -351249.00        517.58533        12.934346       -7.6099749       0.87665516
   5.3131687e+08       -235707.40       -351449.10        517.54333        12.620005       -7.8919710       0.87659598
   5.3131687e+08       -235892.31       -351684.90        517.47340        12.359409       -8.2242673       0.87649742
   5.3131687e+08       -236033.48       -351949.22        517.37764        12.160474       -8.5967673       0.87636248
   5.3131687e+08       -236126.59       -352234.04        517.25898        12.029246       -8.9981531       0.87619525
   5.3131687e+08       -236168.84       -352530.70        517.12101        11.969711       -9.4162286       0.87600081
   5.3131687e+08       -236158.93       -352830.19        516.96793        11.983678       -9.8382905       0.87578509
   5.3131687e+08       -236097.16       -353123.41        516.80439        12.070724       -10.251515       0.87555462
   5.3131687e+08       -235985.42       -353401.45        516.63536        12.228203       -10.643346       0.87531641
   5.3131687e+08       -235827.09       -353655.86        516.46598        12.451330       -11.001879       0.87507770
   5.3131687e+08       -235626.99       -353878.91        516.30139        12.733326       -11.316219       0.87484575
   5.3131687e+08       -235391.19       -354063.83        516.14659        13.065622       -11.576815       0.87462760
   5.3131687e+08       -235126.87       -354204.99        516.00629        13.438122       -11.775750       0.87442987
   5.3131687e+08       -234842.05       -354298.11        515.88474        13.839508       -11.906978       0.87425858
   5.3131687e+08       -234545.39       -354340.35        515.78565        14.257584       -11.966513       0.87411894
   5.3131687e+08       -234245.90       -354330.44        515.71202        14.679646       -11.952545       0.87401518
   5.3131687e+08       -233952.68       -354268.67        515.66610        15.092871       -11.865499       0.87395045
   5.3131687e+08       -233674.64       -354156.93        515.64926        15.484702       -11.708020       0.87392673
   5.3131687e+08       -233420.23       -353998.60        515.66204        15.843234       -11.484893       0.87394474
   5.3131687e+08       -233197.18       -353798.50        515.70403        16.157574       -11.202897       0.87400392
   5.3131687e+08       -233012.26       -353562.71        515.77397        16.418170       -10.870601       0.87410248
   5.3131687e+08       -232871.10       -353298.38        515.86973        16.617105       -10.498101       0.87423742
   5.3131687e+08       -232777.98       -353013.57        515.98839        16.748333       -10.096715       0.87440465
   5.3131687e+08       -232735.74       -352716.90        516.12636        16.807868       -9.6786398       0.87459908
   5.3131687e+08       -232745.65       -352417.41        516.27944        16.793901       -9.2565780       0.87481481
   5.3131687e+08       -232807.42       -352124.19        516.44297        16.706855       -8.8433525       0.87504528
   5.3131687e+08       -232919.16       -351846.16        516.61200        16.549376       -8.4515214       0.87528349
   5.3131687e+08       -233077.49       -351591.74        516.78139        16.326248       -8.0929891       0.87552219
   5.3131687e+08       -233277.59       -351368.69        516.94598        16.044252       -7.7786493       0.87575415
   5.3131687e+08       -233586.91       -351296.81        806.07171        15.608334       -7.6773520        1.2832096
   5.3131687e+08       -233830.51       -351166.72        806.20101        15.265036       -7.4940127        1.2833919
   5.3131687e+08       -234093.01       -351080.90        806.31303        14.895117       -7.3730718        1.2835497
   5.3131687e+08       -234366.41       -351041.97        806.40435        14.509817       -7.3182041        1.2836784
   5.3131687e+08       -234642.42       -351051.10        806.47221        14.120843       -7.3310766        1.2837740
   5.3131687e+08       -234912.65       -351108.02        806.51454        13.740013       -7.4112983        1.2838337
   5.3131687e+08       -235168.90       -351211.01        806.53005        13.378899       -7.5564316        1.2838556
   5.3131687e+08       -235403.36       -351356.93        806.51828        13.048474       -7.7620667        1.2838390
   5.3131687e+08       -235608.93       -351541.34        806.47957        12.758776       -8.0219557        1.2837844
   5.3131687e+08       -235779.35       -351758.65        806.41512        12.518609       -8.3282016        1.2836936
   5.3131687e+08       -235909.44       -352002.25        806.32687        12.335270       -8.6714995        1.2835692
   5.3131687e+08       -235995.26       -352264.74        806.21751        12.214329       -9.0414187        1.2834151
   5.3131687e+08       -236034.20       -352538.14        806.09036        12.159461       -9.4267191        1.2832359
   5.3131687e+08       -236025.06       -352814.16        805.94928        12.172334       -9.8156934        1.2830371
   5.3131687e+08       -235968.14       -353084.39        805.79856        12.252556       -10.196523        1.2828247
   5.3131687e+08       -235865.15       -353340.63        805.64279        12.397689       -10.557637        1.2826052
   5.3131687e+08       -235719.24       -353575.10        805.48668        12.603324       -10.888062        1.2823852
   5.3131687e+08       -235534.82       -353780.66        805.33499        12.863213       -11.177760        1.2821714
   5.3131687e+08       -235317.51       -353951.08        805.19233        13.169459       -11.417926        1.2819703
   5.3131687e+08       -235073.91       -354081.18        805.06302        13.512757       -11.601265        1.2817881
   5.3131687e+08       -234811.42       -354167.00        804.95101        13.882676       -11.722206        1.2816303
   5.3131687e+08       -234538.02       -354205.93        804.85969        14.267977       -11.777074        1.2815016
   5.3131687e+08       -234262.01       -354196.79        804.79183        14.656951       -11.764201        1.2814059
   5.3131687e+08       -233991.77       -354139.87        804.74950        15.037781       -11.683979        1.2813463
   5.3131687e+08       -233735.53       -354036.89        804.73399        15.398895       -11.538846        1.2813244
   5.3131687e+08       -233501.06       -353890.97        804.74576        15.729320       -11.333211        1.2813410
   5.3131687e+08       -233295.50       -353706.55        804.78447        16.019017       -11.073322        1.2813956
   5.3131687e+08       -233125.08       -353489.25        804.84892        16.259184       -10.767076        1.2814864
   5.3131687e+08       -232994.98       -353245.65        804.93717        16.442523       -10.423778        1.2816108
   5.3131687e+08       -232909.17       -352983.16        805.04653        16.563464       -10.053859        1.2817649
   5.3131687e+08       -232870.23       -352709.75        805.17368        16.618331       -9.6685586        1.2819441
   5.3131687e+08       -232879.37       -352433.74        805.31476        16.605459       -9.2795843        1.2821429
   5.3131687e+08       -232936.29       -352163.51        805.46548        16.525237       -8.8987537        1.2823553
   5.3131687e+08       -233039.28       -351907.26        805.62125        16.380103       -8.5376402        1.2825748
   5.3131687e+08       -233185.19       -351672.80        805.77736        16.174468       -8.2072150        1.2827948
   5.3131687e+08       -233369.61       -351467.23        805.92905        15.914579       -7.9175179        1.2830086
   5.3131687e+08       -233686.74       -351450.16        1067.2366        15.467649       -7.8934580        1.6512608
   5.3131687e+08       -233902.22       -351335.08        1067.3510        15.163984       -7.7312849        1.6514220
   5.3131687e+08       -234134.41       -351259.17        1067.4500        14.836772       -7.6243064        1.6515616
   5.3131687e+08       -234376.25       -351224.73        1067.5308        14.495954       -7.5757731        1.6516754
   5.3131687e+08       -234620.39       -351232.81        1067.5908        14.151885       -7.5871595        1.6517600
   5.3131687e+08       -234859.43       -351283.17        1067.6283        13.815022       -7.6581197        1.6518128
   5.3131687e+08       -235086.09       -351374.26        1067.6420        13.495598       -7.7864977        1.6518321
   5.3131687e+08       -235293.49       -351503.33        1067.6316        13.203320       -7.9683926        1.6518175
   5.3131687e+08       -235475.32       -351666.46        1067.5974        12.947067       -8.1982779        1.6517692
   5.3131687e+08       -235626.06       -351858.68        1067.5403        12.734627       -8.4691683        1.6516889
   5.3131687e+08       -235741.14       -352074.15        1067.4623        12.572454       -8.7728331        1.6515789
   5.3131687e+08       -235817.05       -352306.34        1067.3655        12.465475       -9.1000458        1.6514425
   5.3131687e+08       -235851.49       -352548.18        1067.2531        12.416942       -9.4408641        1.6512840
   5.3131687e+08       -235843.41       -352792.33        1067.1283        12.428328       -9.7849320        1.6511082
   5.3131687e+08       -235793.06       -353031.36        1066.9950        12.499289       -10.121796        1.6509203
   5.3131687e+08       -235701.96       -353258.02        1066.8572        12.627667       -10.441219        1.6507261
   5.3131687e+08       -235572.89       -353465.42        1066.7191        12.809562       -10.733498        1.6505315
   5.3131687e+08       -235409.77       -353647.25        1066.5849        13.039447       -10.989750        1.6503424
   5.3131687e+08       -235217.55       -353798.00        1066.4587        13.310337       -11.202190        1.6501646
   5.3131687e+08       -235002.07       -353913.07        1066.3443        13.614002       -11.364363        1.6500034
   5.3131687e+08       -234769.88       -353988.98        1066.2453        13.941215       -11.471342        1.6498637
   5.3131687e+08       -234528.04       -354023.42        1066.1645        14.282033       -11.519875        1.6497499
   5.3131687e+08       -234283.90       -354015.34        1066.1045        14.626101       -11.508488        1.6496653
   5.3131687e+08       -234044.86       -353964.99        1066.0670        14.962965       -11.437528        1.6496126
   5.3131687e+08       -233818.20       -353873.90        1066.0533        15.282389       -11.309150        1.6495932
   5.3131687e+08       -233610.80       -353744.82        1066.0637        15.574667       -11.127255        1.6496079
   5.3131687e+08       -233428.97       -353581.70        1066.0979        15.830919       -10.897369        1.6496561
   5.3131687e+08       -233278.23       -353389.48        1066.1550        16.043359       -10.626479        1.6497365
   5.3131687e+08       -233163.15       -353174.00        1066.2330        16.205532       -10.322814        1.6498465
   5.3131687e+08       -233087.24       -352941.82        1066.3298        16.312511       -9.9956016        1.6499828
   5.3131687e+08       -233052.80       -352699.98        1066.4422        16.361044       -9.6547836        1.6501413
   5.3131687e+08       -233060.88       -352455.83        1066.5670        16.349658       -9.3107157        1.6503172
   5.3131687e+08       -233111.23       -352216.79        1066.7003        16.278697       -8.9738512        1.6505051
   5.3131687e+08       -233202.33       -351990.14        1066.8381        16.150319       -8.6544276        1.6506993
   5.3131687e+08       -233331.40       -351782.74        1066.9762        15.968424       -8.3621494        1.6508938
   5.3131687e+08       -233494.52       -351600.90        1067.1104        15.738539       -8.1058972        1.6510829
   5.3131687e+08       -233809.84       -351639.16        1292.6600        15.294176       -8.1598057        1.9689426
   5.3131687e+08       -233990.64       -351542.60        1292.7559        15.039371       -8.0237263        1.9690779
   5.3131687e+08       -234185.47       -351478.90        1292.8391        14.764807       -7.9339607        1.9691950
   5.3131687e+08       -234388.40       -351450.00        1292.9069        14.478827       -7.8932364        1.9692905
   5.3131687e+08       -234593.26       -351456.78        1292.9572        14.190120       -7.9027908        1.9693615
   5.3131687e+08       -234793.84       -351499.03        1292.9886        13.907457       -7.9623335        1.9694058
   5.3131687e+08       -234984.03       -351575.47        1293.0001        13.639429       -8.0700554        1.9694220
   5.3131687e+08       -235158.05       -351683.77        1292.9914        13.394178       -8.2226833        1.9694097
   5.3131687e+08       -235310.63       -351820.65        1292.9627        13.179157       -8.4155800        1.9693692
   5.3131687e+08       -235437.12       -351981.94        1292.9148        13.000898       -8.6428841        1.9693018
   5.3131687e+08       -235533.68       -352162.75        1292.8493        12.864819       -8.8976891        1.9692095
   5.3131687e+08       -235597.38       -352357.58        1292.7682        12.775053       -9.1722531        1.9690951
   5.3131687e+08       -235626.28       -352560.51        1292.6738        12.734329       -9.4582336        1.9689621
   5.3131687e+08       -235619.50       -352765.37        1292.5691        12.743883       -9.7469409        1.9688145
   5.3131687e+08       -235577.25       -352965.94        1292.4572        12.803426       -10.029603        1.9686569
   5.3131687e+08       -235500.81       -353156.13        1292.3416        12.911148       -10.297631        1.9684939
   5.3131687e+08       -235392.50       -353330.16        1292.2257        13.063776       -10.542882        1.9683307
   5.3131687e+08       -235255.63       -353482.74        1292.1131        13.256673       -10.757903        1.9681720
   5.3131687e+08       -235094.33       -353609.23        1292.0073        13.483977       -10.936162        1.9680228
   5.3131687e+08       -234913.53       -353705.79        1291.9113        13.738782       -11.072241        1.9678875
   5.3131687e+08       -234718.70       -353769.48        1291.8281        14.013346       -11.162006        1.9677703
   5.3131687e+08       -234515.77       -353798.38        1291.7604        14.299326       -11.202731        1.9676748
   5.3131687e+08       -234310.91       -353791.60        1291.7100        14.588034       -11.193176        1.9676038
   5.3131687e+08       -234110.33       -353749.35        1291.6786        14.870696       -11.133633        1.9675596
   5.3131687e+08       -233920.14       -353672.91        1291.6671        15.138725       -11.025911        1.9675433
   5.3131687e+08       -233746.12       -353564.61        1291.6758        15.383975       -10.873283        1.9675557
   5.3131687e+08       -233593.54       -353427.73        1291.7045        15.598996       -10.680387        1.9675961
   5.3131687e+08       -233467.05       -353266.44        1291.7524        15.777255       -10.453083        1.9676636
   5.3131687e+08       -233370.49       -353085.63        1291.8179        15.913334       -10.198278        1.9677559
   5.3131687e+08       -233306.79       -352890.81        1291.8990        16.003099       -9.9237137        1.9678703
   5.3131687e+08       -233277.90       -352687.88        1291.9934        16.043824       -9.6377334        1.9680033
   5.3131687e+08       -233284.68       -352483.01        1292.0981        16.034269       -9.3490261        1.9681508
   5.3131687e+08       -233326.93       -352282.44        1292.2100        15.974726       -9.0663633        1.9683085
   5.3131687e+08       -233403.37       -352092.25        1292.3256        15.867004       -8.7983351        1.9684714
   5.3131687e+08       -233511.67       -351918.22        1292.4415        15.714376       -8.5530845        1.9686347
   5.3131687e+08       -233648.55       -351765.65        1292.5541        15.521480       -8.3380634        1.9687934
   5.3131687e+08       -233952.46       -351858.06        1475.4927        15.093187       -8.4683026        2.2266028
   5.3131687e+08       -234093.10       -351782.95        1475.5673        14.894984       -8.3624517        2.2267080
   5.3131687e+08       -234244.65       -351733.41        1475.6320        14.681411       -8.2926264        2.2267991
   5.3131687e+08       -234402.50       -351710.93        1475.6847        14.458958       -8.2609485        2.2268734
   5.3131687e+08       -234561.85       -351716.20        1475.7239        14.234383       -8.2683805        2.2269286
   5.3131687e+08       -234717.87       -351749.07        1475.7483        14.014511       -8.3146965        2.2269631
   5.3131687e+08       -234865.81       -351808.52        1475.7573        13.806022       -8.3984892        2.2269757
   5.3131687e+08       -235001.18       -351892.77        1475.7505        13.615251       -8.5172127        2.2269661
   5.3131687e+08       -235119.87       -351999.24        1475.7281        13.447994       -8.6672596        2.2269346
   5.3131687e+08       -235218.26       -352124.70        1475.6909        13.309333       -8.8440708        2.2268822
   5.3131687e+08       -235293.37       -352265.35        1475.6400        13.203483       -9.0422738        2.2268104
   5.3131687e+08       -235342.92       -352416.90        1475.5768        13.133657       -9.2558467        2.2267214
   5.3131687e+08       -235365.40       -352574.75        1475.5034        13.101979       -9.4783000        2.2266179
   5.3131687e+08       -235360.12       -352734.10        1475.4220        13.109411       -9.7028744        2.2265032
   5.3131687e+08       -235327.26       -352890.12        1475.3350        13.155727       -9.9227464        2.2263805
   5.3131687e+08       -235267.80       -353038.06        1475.2450        13.239520       -10.131235        2.2262538
   5.3131687e+08       -235183.55       -353173.43        1475.1549        13.358244       -10.322007        2.2261268
   5.3131687e+08       -235077.08       -353292.11        1475.0673        13.508291       -10.489263        2.2260034
   5.3131687e+08       -234951.62       -353390.51        1474.9849        13.685102       -10.627924        2.2258873
   5.3131687e+08       -234810.98       -353465.62        1474.9103        13.883305       -10.733775        2.2257821
   5.3131687e+08       -234659.43       -353515.16        1474.8456        14.096878       -10.803600        2.2256909
   5.3131687e+08       -234501.58       -353537.64        1474.7929        14.319331       -10.835278        2.2256166
   5.3131687e+08       -234342.22       -353532.37        1474.7537        14.543905       -10.827846        2.2255614
   5.3131687e+08       -234186.20       -353499.50        1474.7293        14.763778       -10.781529        2.2255270
   5.3131687e+08       -234038.26       -353440.04        1474.7203        14.972267       -10.697737        2.2255144
   5.3131687e+08       -233902.89       -353355.80        1474.7271        15.163038       -10.579013        2.2255239
   5.3131687e+08       -233784.21       -353249.33        1474.7495        15.330295       -10.428966        2.2255554
   5.3131687e+08       -233685.82       -353123.86        1474.7867        15.468955       -10.252155        2.2256079
   5.3131687e+08       -233610.71       -352983.22        1474.8376        15.574806       -10.053952        2.2256797
   5.3131687e+08       -233561.16       -352831.67        1474.9008        15.644631       -9.8403792        2.2257686
   5.3131687e+08       -233538.68       -352673.82        1474.9742        15.676309       -9.6179260        2.2258721
   5.3131687e+08       -233543.95       -352514.47        1475.0556        15.668877       -9.3933517        2.2259869
   5.3131687e+08       -233576.82       -352358.45        1475.1427        15.622561       -9.1734791        2.2261095
   5.3131687e+08       -233636.28       -352210.51        1475.2326        15.538768       -8.9649902        2.2262363
   5.3131687e+08       -233720.52       -352075.14        1475.3227        15.420044       -8.7742191        2.2263633
   5.3131687e+08       -233826.99       -351956.45        1475.4103        15.269997       -8.6069625        2.2264867
   5.3131687e+08       -234110.27       -352100.23        1610.1792        14.870787       -8.8095747        2.4164121
   5.3131687e+08       -234206.47       -352048.85        1610.2302        14.735209       -8.7371684        2.4164841
   5.3131687e+08       -234310.14       -352014.95        1610.2745        14.589116       -8.6894051        2.4165464
   5.3131687e+08       -234418.12       -351999.58        1610.3105        14.436949       -8.6677361        2.4165972
   5.3131687e+08       -234527.12       -352003.19        1610.3373        14.283331       -8.6728199        2.4166350
   5.3131687e+08       -234633.84       -352025.67        1610.3541        14.132930       -8.7045019        2.4166586
   5.3131687e+08       -234735.04       -352066.34        1610.3602        13.990315       -8.7618195        2.4166672
   5.3131687e+08       -234827.64       -352123.97        1610.3555        13.859820       -8.8430312        2.4166606
   5.3131687e+08       -234908.82       -352196.80        1610.3402        13.745409       -8.9456693        2.4166391
   5.3131687e+08       -234976.13       -352282.62        1610.3148        13.650560       -9.0666152        2.4166032
   5.3131687e+08       -235027.51       -352378.82        1610.2799        13.578154       -9.2021941        2.4165541
   5.3131687e+08       -235061.40       -352482.49        1610.2368        13.530390       -9.3482866        2.4164932
   5.3131687e+08       -235076.78       -352590.47        1610.1865        13.508721       -9.5004536        2.4164225
   5.3131687e+08       -235073.17       -352699.47        1610.1308        13.513805       -9.6540715        2.4163440
   5.3131687e+08       -235050.69       -352806.19        1610.0713        13.545487       -9.8044728        2.4162601
   5.3131687e+08       -235010.02       -352907.39        1610.0098        13.602805       -9.9470876        2.4161734
   5.3131687e+08       -234952.39       -352999.99        1609.9481        13.684017       -10.077583        2.4160865
   5.3131687e+08       -234879.56       -353081.17        1609.8882        13.786655       -10.191993        2.4160021
   5.3131687e+08       -234793.74       -353148.48        1609.8319        13.907601       -10.286842        2.4159227
   5.3131687e+08       -234697.53       -353199.86        1609.7808        14.043180       -10.359249        2.4158507
   5.3131687e+08       -234593.86       -353233.75        1609.7366        14.189272       -10.407012        2.4157884
   5.3131687e+08       -234485.89       -353249.12        1609.7005        14.341439       -10.428681        2.4157375
   5.3131687e+08       -234376.88       -353245.52        1609.6737        14.495057       -10.423597        2.4156998
   5.3131687e+08       -234270.16       -353223.04        1609.6570        14.645458       -10.391915        2.4156762
   5.3131687e+08       -234168.96       -353182.36        1609.6509        14.788073       -10.334597        2.4156676
   5.3131687e+08       -234076.36       -353124.74        1609.6555        14.918568       -10.253386        2.4156741
   5.3131687e+08       -233995.18       -353051.91        1609.6708        15.032979       -10.150748        2.4156957
   5.3131687e+08       -233927.88       -352966.08        1609.6963        15.127828       -10.029802        2.4157315
   5.3131687e+08       -233876.50       -352869.88        1609.7311        15.200234       -9.8942226        2.4157807
   5.3131687e+08       -233842.61       -352766.21        1609.7743        15.247997       -9.7481303        2.4158415
   5.3131687e+08       -233827.23       -352658.24        1609.8245        15.269666       -9.5959634        2.4159123
   5.3131687e+08       -233830.84       -352549.23        1609.8802        15.264583       -9.4423455        2.4159908
   5.3131687e+08       -233853.32       -352442.51        1609.9398        15.232900       -9.2919438        2.4160747
   5.3131687e+08       -233893.99       -352341.31        1610.0013        15.175583       -9.1493290        2.4161614
   5.3131687e+08       -233951.62       -352248.71        1610.0629        15.094371       -9.0188339        2.4162483
   5.3131687e+08       -234024.45       -352167.53        1610.1228        14.991733       -8.9044236        2.4163327
   5.3131687e+08       -234278.48       -352358.29        1692.6273        14.633736       -9.1732530        2.5326035
   5.3131687e+08       -234327.32       -352332.20        1692.6532        14.564901       -9.1364914        2.5326401
   5.3131687e+08       -234379.96       -352314.99        1692.6757        14.490728       -9.1122414        2.5326717
   5.3131687e+08       -234434.78       -352307.19        1692.6940        14.413470       -9.1012398        2.5326975
   5.3131687e+08       -234490.12       -352309.02        1692.7076        14.335477       -9.1038209        2.5327167
   5.3131687e+08       -234544.30       -352320.43        1692.7161        14.259116       -9.1199062        2.5327287
   5.3131687e+08       -234595.68       -352341.08        1692.7192        14.186708       -9.1490071        2.5327331
   5.3131687e+08       -234642.70       -352370.34        1692.7168        14.120454       -9.1902393        2.5327297
   5.3131687e+08       -234683.92       -352407.32        1692.7091        14.062367       -9.2423500        2.5327188
   5.3131687e+08       -234718.09       -352450.89        1692.6961        14.014210       -9.3037558        2.5327006
   5.3131687e+08       -234744.17       -352499.74        1692.6785        13.977449       -9.3725910        2.5326756
   5.3131687e+08       -234761.38       -352552.37        1692.6565        13.953199       -9.4467640        2.5326447
   5.3131687e+08       -234769.19       -352607.19        1692.6310        13.942197       -9.5240211        2.5326088
   5.3131687e+08       -234767.35       -352662.53        1692.6027        13.944778       -9.6020149        2.5325689
   5.3131687e+08       -234755.94       -352716.72        1692.5725        13.960864       -9.6783756        2.5325264
   5.3131687e+08       -234735.29       -352768.10        1692.5413        13.989965       -9.7507830        2.5324823
   5.3131687e+08       -234706.03       -352815.11        1692.5100        14.031197       -9.8170372        2.5324382
   5.3131687e+08       -234669.06       -352856.33        1692.4796        14.083307       -9.8751248        2.5323954
   5.3131687e+08       -234625.48       -352890.50        1692.4510        14.144713       -9.9232809        2.5323551
   5.3131687e+08       -234576.64       -352916.58        1692.4250        14.213548       -9.9600425        2.5323185
   5.3131687e+08       -234524.01       -352933.79        1692.4026        14.287721       -9.9842925        2.5322869
   5.3131687e+08       -234469.19       -352941.60        1692.3843        14.364979       -9.9952941        2.5322611
   5.3131687e+08       -234413.84       -352939.77        1692.3707        14.442972       -9.9927130        2.5322419
   5.3131687e+08       -234359.66       -352928.35        1692.3622        14.519333       -9.9766276        2.5322299
   5.3131687e+08       -234308.28       -352907.70        1692.3591        14.591741       -9.9475267        2.5322255
   5.3131687e+08       -234261.26       -352878.45        1692.3614        14.657995       -9.9062945        2.5322289
   5.3131687e+08       -234220.05       -352841.47        1692.3692        14.716082       -9.8541838        2.5322398
   5.3131687e+08       -234185.88       -352797.90        1692.3821        14.764238       -9.7927779        2.5322580
   5.3131687e+08       -234159.79       -352749.05        1692.3998        14.801000       -9.7239428        2.5322829
   5.3131687e+08       -234142.58       -352696.42        1692.4217        14.825250       -9.6497698        2.5323139
   5.3131687e+08       -234134.78       -352641.60        1692.4472        14.836252       -9.5725127        2.5323498
   5.3131687e+08       -234136.61       -352586.25        1692.4755        14.833671       -9.4945189        2.5323896
   5.3131687e+08       -234148.02       -352532.07        1692.5057        14.817585       -9.4181580        2.5324322
   5.3131687e+08       -234168.67       -352480.69        1692.5370        14.788484       -9.3457507        2.5324763
   5.3131687e+08       -234197.93       -352433.68        1692.5683        14.747252       -9.2794966        2.5325204
   5.3131687e+08       -234234.91       -352392.46        1692.5987        14.695141       -9.2214090        2.5325632
   5.3131687e+08       -234451.97       -352624.41        1720.3318        14.389234       -9.5482870        2.5716465
   5.3131687e+08       -234451.97       -352624.41        1720.3318        14.389235       -9.5482870        2.5716465
   5.3131687e+08       -234451.97       -352624.41        1720.3318        14.389235       -9.5482870        2.5716465
   5.3131687e+08       -234451.97       -352624.41        1720.3318        14.389235       -9.5482871        2.5716465
   5.3131687e+08       -234451.97       -352624.41        1720.3318        14.389235       -9.5482870        2.5716465
   5.3131687e+08       -234451.97       -352624.41        1720.3318        14.389235       -9.5482870        2.5716465
   5.3131687e+08       -234451.97       -352624.41        1720.3318        14.389235       -9.5482870        2.5716465
   5.3131687e+08       -234451.97       -352624.41        1720.3318        14.389235       -9.5482870        2.5716465
   5.3131687e+08       -234451.97       -352624.41        1720.3318        14.389235       -9.5482869        2.5716465
   5.3131687e+08       -234451.97       -352624.41        1720.3318        14.389235       -9.5482869        2.5716465
   5.3131687e+08       -234451.97       -352624.41        1720.3318        14.389235       -9.5482868        2.5716465
   5.3131687e+08       -234451.97       -352624.41        1720.3318        14.389235       -9.5482867        2.5716465
   5.3131687e+08       -234451.97       -352624.41        1720.3318        14.389235       -9.5482867        2.5716465
   5.3131687e+08       -234451.97       -352624.41        1720.3318        14.389235       -9.5482866        2.5716465
   5.3131687e+08       -234451.97       -352624.41        1720.3318        14.389235       -9.5482865        2.5716465
   5.3131687e+08       -234451.97       -352624.41        1720.3318        14.389235       -9.5482864        2.5716465
   5.3131687e+08       -234451.97       -352624.41        1720.3318        14.389235       -9.5482864        2.5716465
   5.3131687e+08       -234451.97       -352624.41        1720.3318        14.389235       -9.5482863        2.5716465
   5.3131687e+08       -234451.97       -352624.41        1720.3318        14.389235       -9.5482863        2.5716465
   5.3131687e+08       -234451.97       -352624.41        1720.3318        14.389235       -9.5482862        2.5716465
   5.3131687e+08       -234451.97       -352624.41        1720.3318        14.389235       -9.5482862        2.5716465
   5.3131687e+08       -234451.97       -352624.41        1720.3318        14.389235       -9.5482862        2.5716465
   5.3131687e+08       -234451.97       -352624.41        1720.3318        14.389235       -9.5482862        2.5716465
   5.3131687e+08       -234451.97       -352624.41        1720.3318        14.389235       -9.5482862        2.5716465
   5.3131687e+08       -234451.97       -352624.41        1720.3318        14.389235       -9.5482863        2.5716465
   5.3131687e+08       -234451.97       -352624.41        1720.3318        14.389234       -9.5482863        2.5716465
   5.3131687e+08       -234451.97       -352624.41        1720.3318        14.389234       -9.5482863        2.5716465
   5.3131687e+08       -234451.97       -352624.41        1720.3318        14.389234       -9.5482864        2.5716465
   5.3131687e+08       -234451.97       -352624.41        1720.3318        14.389234       -9.5482865        2.5716465
   5.3131687e+08       -234451.97       -352624.41        1720.3318        14.389234       -9.5482865        2.5716465
   5.3131687e+08       -234451.97       -352624.41        1720.3318        14.389234       -9.5482866        2.5716465
   5.3131687e+08       -234451.97       -352624.41        1720.3318        14.389234       -9.5482867        2.5716465
   5.3131687e+08       -234451.97       -352624.41        1720.3318        14.389234       -9.5482868        2.5716465
   5.3131687e+08       -234451.97       -352624.41        1720.3318        14.389234       -9.5482868        2.5716465
   5.3131687e+08       -234451.97       -352624.41        1720.3318        14.389234       -9.5482869        2.5716465
   5.3131687e+08       -234451.97       -352624.41        1720.3318        14.389234       -9.5482869        2.5716465
