1.000000E-19 1.934042E-02 2.278887E-02
1.023293E-19 1.948943E-02 2.307339E-02
1.047129E-19 1.963959E-02 2.336446E-02
1.071519E-19 1.979091E-02 2.366222E-02
1.096478E-19 1.994340E-02 2.396684E-02
1.122018E-19 2.009706E-02 2.427847E-02
1.148154E-19 2.025190E-02 2.459726E-02
1.174898E-19 2.040794E-02 2.492338E-02
1.202264E-19 2.056518E-02 2.525700E-02
1.230269E-19 2.072363E-02 2.559827E-02
1.258925E-19 2.088330E-02 2.594739E-02
1.288250E-19 2.104420E-02 2.630452E-02
1.318257E-19 2.120634E-02 2.666984E-02
1.348963E-19 2.136974E-02 2.704353E-02
1.380384E-19 2.153439E-02 2.742579E-02
1.412538E-19 2.170030E-02 2.781681E-02
1.445440E-19 2.186750E-02 2.821677E-02
1.479108E-19 2.203599E-02 2.862589E-02
1.513561E-19 2.220577E-02 2.904436E-02
1.548817E-19 2.237686E-02 2.947239E-02
1.584893E-19 2.254927E-02 2.991019E-02
1.621810E-19 2.272301E-02 3.035798E-02
1.659587E-19 2.289808E-02 3.081598E-02
1.698244E-19 2.307451E-02 3.128441E-02
1.737801E-19 2.325229E-02 3.176350E-02
1.778279E-19 2.343145E-02 3.225348E-02
1.819701E-19 2.361198E-02 3.275460E-02
1.862087E-19 2.379391E-02 3.326708E-02
1.905461E-19 2.397724E-02 3.379119E-02
1.949845E-19 2.416198E-02 3.432716E-02
1.995262E-19 2.434814E-02 3.487526E-02
2.041738E-19 2.453574E-02 3.543574E-02
2.089296E-19 2.472478E-02 3.600887E-02
2.137962E-19 2.491528E-02 3.659491E-02
2.187762E-19 2.510725E-02 3.719415E-02
2.238721E-19 2.530070E-02 3.780685E-02
2.290868E-19 2.549563E-02 3.843330E-02
2.344229E-19 2.569207E-02 3.907379E-02
2.398833E-19 2.589003E-02 3.972861E-02
2.454709E-19 2.608950E-02 4.039806E-02
2.511886E-19 2.629052E-02 4.108243E-02
2.570396E-19 2.649308E-02 4.178203E-02
2.630268E-19 2.669721E-02 4.249715E-02
2.691535E-19 2.690290E-02 4.322815E-02
2.754229E-19 2.711019E-02 4.397533E-02
2.818383E-19 2.731906E-02 4.473900E-02
2.884032E-19 2.752955E-02 4.551950E-02
2.951209E-19 2.774166E-02 4.631716E-02
3.019952E-19 2.795541E-02 4.713231E-02
3.090295E-19 2.817080E-02 4.796530E-02
3.162278E-19 2.838785E-02 4.881646E-02
3.235937E-19 2.860657E-02 4.968615E-02
3.311311E-19 2.882698E-02 5.057471E-02
3.388442E-19 2.904909E-02 5.148251E-02
3.467369E-19 2.927290E-02 5.240989E-02
3.548134E-19 2.949845E-02 5.335723E-02
3.630781E-19 2.972573E-02 5.432489E-02
3.715352E-19 2.995476E-02 5.531322E-02
3.801894E-19 3.018555E-02 5.632262E-02
3.890451E-19 3.041813E-02 5.735343E-02
3.981072E-19 3.065249E-02 5.840606E-02
4.073803E-19 3.088867E-02 5.948086E-02
4.168694E-19 3.112666E-02 6.057821E-02
4.265795E-19 3.136648E-02 6.169851E-02
4.365158E-19 3.160816E-02 6.284213E-02
4.466836E-19 3.185169E-02 6.400945E-02
4.570882E-19 3.209710E-02 6.520085E-02
4.677351E-19 3.234440E-02 6.641674E-02
4.786301E-19 3.259361E-02 6.765747E-02
4.897788E-19 3.284474E-02 6.892346E-02
5.011872E-19 3.309780E-02 7.021509E-02
5.128614E-19 3.335281E-02 7.153274E-02
5.248075E-19 3.360979E-02 7.287682E-02
5.370318E-19 3.386875E-02 7.424770E-02
5.495409E-19 3.412970E-02 7.564581E-02
5.623413E-19 3.439266E-02 7.707152E-02
5.754399E-19 3.465765E-02 7.852524E-02
5.888437E-19 3.492468E-02 8.000737E-02
6.025596E-19 3.519377E-02 8.151830E-02
6.165950E-19 3.546493E-02 8.305843E-02
6.309573E-19 3.573818E-02 8.462817E-02
6.456542E-19 3.601354E-02 8.622792E-02
6.606934E-19 3.629102E-02 8.785806E-02
6.760830E-19 3.657063E-02 8.951901E-02
6.918310E-19 3.685240E-02 9.121118E-02
7.079458E-19 3.713634E-02 9.293497E-02
7.244360E-19 3.742247E-02 9.469080E-02
7.413102E-19 3.771081E-02 9.647910E-02
7.585776E-19 3.800136E-02 9.830031E-02
7.762471E-19 3.829415E-02 1.001549E-01
7.943282E-19 3.858920E-02 1.020433E-01
8.128305E-19 3.888653E-02 1.039659E-01
8.317638E-19 3.918614E-02 1.059234E-01
8.511380E-19 3.948806E-02 1.079160E-01
8.709636E-19 3.979231E-02 1.099445E-01
8.912509E-19 4.009890E-02 1.120091E-01
9.120108E-19 4.040786E-02 1.141105E-01
9.332543E-19 4.071919E-02 1.162490E-01
9.549926E-19 4.103293E-02 1.184252E-01
9.772372E-19 4.134908E-02 1.206395E-01
1.000000E-18 4.166766E-02 1.228924E-01
1.023293E-18 4.198871E-02 1.251842E-01
1.047129E-18 4.231222E-02 1.275154E-01
1.071519E-18 4.263823E-02 1.298861E-01
1.096478E-18 4.296675E-02 1.322968E-01
1.122018E-18 4.329780E-02 1.347475E-01
1.148154E-18 4.363140E-02 1.372385E-01
1.174898E-18 4.396757E-02 1.397697E-01
1.202264E-18 4.430633E-02 1.423412E-01
1.230269E-18 4.464771E-02 1.449529E-01
1.258925E-18 4.499171E-02 1.476048E-01
1.288250E-18 4.533836E-02 1.502965E-01
1.318257E-18 4.568768E-02 1.530280E-01
1.348963E-18 4.603970E-02 1.557987E-01
1.380384E-18 4.639443E-02 1.586085E-01
1.412538E-18 4.675189E-02 1.614567E-01
1.445440E-18 4.711210E-02 1.643429E-01
1.479108E-18 4.747509E-02 1.672666E-01
1.513561E-18 4.784088E-02 1.702271E-01
1.548817E-18 4.820948E-02 1.732239E-01
1.584893E-18 4.858093E-02 1.762563E-01
1.621810E-18 4.895524E-02 1.793237E-01
1.659587E-18 4.933243E-02 1.824254E-01
1.698244E-18 4.971252E-02 1.855608E-01
1.737801E-18 5.009555E-02 1.887292E-01
1.778279E-18 5.048153E-02 1.919301E-01
1.819701E-18 5.087048E-02 1.951628E-01
1.862087E-18 5.126243E-02 1.984268E-01
1.905461E-18 5.165739E-02 2.017215E-01
1.949845E-18 5.205540E-02 2.050468E-01
1.995262E-18 5.245648E-02 2.084021E-01
2.041738E-18 5.286065E-02 2.117874E-01
2.089296E-18 5.326793E-02 2.152027E-01
2.137962E-18 5.367835E-02 2.186481E-01
2.187762E-18 5.409193E-02 2.221238E-01
2.238721E-18 5.450870E-02 2.256304E-01
2.290868E-18 5.492868E-02 2.291684E-01
2.344229E-18 5.535189E-02 2.327388E-01
2.398833E-18 5.577837E-02 2.363424E-01
2.454709E-18 5.620813E-02 2.399802E-01
2.511886E-18 5.664120E-02 2.436531E-01
2.570396E-18 5.707761E-02 2.473623E-01
2.630268E-18 5.751739E-02 2.511087E-01
2.691535E-18 5.796055E-02 2.548934E-01
2.754229E-18 5.840712E-02 2.587173E-01
2.818383E-18 5.885714E-02 2.625817E-01
2.884032E-18 5.931062E-02 2.664878E-01
2.951209E-18 5.976760E-02 2.704369E-01
3.019952E-18 6.022810E-02 2.744303E-01
3.090295E-18 6.069214E-02 2.784694E-01
3.162278E-18 6.115977E-02 2.825551E-01
3.235937E-18 6.163099E-02 2.866884E-01
3.311311E-18 6.210585E-02 2.908699E-01
3.388442E-18 6.258436E-02 2.951000E-01
3.467369E-18 6.306656E-02 2.993792E-01
3.548134E-18 6.355248E-02 3.037086E-01
3.630781E-18 6.404214E-02 3.080895E-01
3.715352E-18 6.453557E-02 3.125235E-01
3.801894E-18 6.503280E-02 3.170126E-01
3.890451E-18 6.553387E-02 3.215580E-01
3.981072E-18 6.603880E-02 3.261604E-01
4.073803E-18 6.654761E-02 3.308193E-01
4.168694E-18 6.706035E-02 3.355333E-01
4.265795E-18 6.757704E-02 3.403005E-01
4.365158E-18 6.809771E-02 3.451187E-01
4.466836E-18 6.862239E-02 3.499862E-01
4.570882E-18 6.915111E-02 3.549009E-01
4.677351E-18 6.968391E-02 3.598604E-01
4.786301E-18 7.022081E-02 3.648609E-01
4.897788E-18 7.076185E-02 3.698974E-01
5.011872E-18 7.130705E-02 3.749634E-01
5.128614E-18 7.185646E-02 3.800516E-01
5.248075E-18 7.241010E-02 3.851544E-01
5.370318E-18 7.296801E-02 3.902647E-01
5.495409E-18 7.353021E-02 3.953759E-01
5.623413E-18 7.409675E-02 4.004818E-01
5.754399E-18 7.466765E-02 4.055758E-01
5.888437E-18 7.524295E-02 4.106506E-01
6.025596E-18 7.582268E-02 4.156983E-01
6.165950E-18 7.640688E-02 4.207111E-01
6.309573E-18 7.699558E-02 4.256824E-01
6.456542E-18 7.758882E-02 4.306072E-01
6.606934E-18 7.818663E-02 4.354822E-01
6.760830E-18 7.878904E-02 4.403044E-01
6.918310E-18 7.939610E-02 4.450707E-01
7.079458E-18 8.000783E-02 4.497776E-01
7.244360E-18 8.062427E-02 4.544203E-01
7.413102E-18 8.124547E-02 4.589932E-01
7.585776E-18 8.187145E-02 4.634902E-01
7.762471E-18 8.250225E-02 4.679064E-01
7.943282E-18 8.313792E-02 4.722415E-01
8.128305E-18 8.377848E-02 4.765012E-01
8.317638E-18 8.442398E-02 4.806937E-01
8.511380E-18 8.507445E-02 4.848262E-01
8.709636E-18 8.572993E-02 4.889021E-01
8.912509E-18 8.639047E-02 4.929202E-01
9.120108E-18 8.705609E-02 4.968740E-01
9.332543E-18 8.772684E-02 5.007543E-01
9.549926E-18 8.840276E-02 5.045563E-01
9.772372E-18 8.908389E-02 5.082872E-01
1.000000E-17 8.977026E-02 5.119654E-01
1.023293E-17 9.046192E-02 5.156115E-01
1.047129E-17 9.115892E-02 5.192403E-01
1.071519E-17 9.186128E-02 5.228565E-01
1.096478E-17 9.256905E-02 5.264538E-01
1.122018E-17 9.328228E-02 5.300179E-01
1.148154E-17 9.400100E-02 5.335368E-01
1.174898E-17 9.472526E-02 5.370150E-01
1.202264E-17 9.545510E-02 5.404753E-01
1.230269E-17 9.619057E-02 5.439450E-01
1.258925E-17 9.693170E-02 5.474396E-01
1.288250E-17 9.767854E-02 5.509580E-01
1.318257E-17 9.843113E-02 5.544857E-01
1.348963E-17 9.918953E-02 5.580060E-01
1.380384E-17 9.995376E-02 5.615111E-01
1.412538E-17 1.007239E-01 5.650042E-01
1.445440E-17 1.014999E-01 5.684920E-01
1.479108E-17 1.022820E-01 5.719859E-01
1.513561E-17 1.030700E-01 5.754998E-01
1.548817E-17 1.038642E-01 5.790342E-01
1.584893E-17 1.046644E-01 5.825810E-01
1.621810E-17 1.054709E-01 5.861408E-01
1.659587E-17 1.062835E-01 5.897260E-01
1.698244E-17 1.071024E-01 5.933396E-01
1.737801E-17 1.079276E-01 5.969510E-01
1.778279E-17 1.087592E-01 6.005147E-01
1.819701E-17 1.095971E-01 6.040292E-01
1.862087E-17 1.104415E-01 6.075298E-01
1.905461E-17 1.112925E-01 6.110481E-01
1.949845E-17 1.121500E-01 6.146049E-01
1.995262E-17 1.130141E-01 6.182065E-01
2.041738E-17 1.138848E-01 6.218312E-01
2.089296E-17 1.147623E-01 6.254121E-01
2.137962E-17 1.156465E-01 6.288734E-01
2.187762E-17 1.165375E-01 6.322389E-01
2.238721E-17 1.174354E-01 6.356054E-01
2.290868E-17 1.183403E-01 6.390230E-01
2.344229E-17 1.192520E-01 6.424802E-01
2.398833E-17 1.201709E-01 6.459324E-01
2.454709E-17 1.210967E-01 6.493360E-01
2.511886E-17 1.220298E-01 6.526553E-01
2.570396E-17 1.229700E-01 6.559087E-01
2.630268E-17 1.239175E-01 6.591755E-01
2.691535E-17 1.248722E-01 6.624931E-01
2.754229E-17 1.258343E-01 6.658548E-01
2.818383E-17 1.268039E-01 6.692337E-01
2.884032E-17 1.277809E-01 6.725244E-01
2.951209E-17 1.287654E-01 6.755610E-01
3.019952E-17 1.297575E-01 6.783807E-01
3.090295E-17 1.307573E-01 6.811294E-01
3.162278E-17 1.317647E-01 6.838692E-01
3.235937E-17 1.327799E-01 6.866073E-01
3.311311E-17 1.338030E-01 6.893030E-01
3.388442E-17 1.348339E-01 6.918668E-01
3.467369E-17 1.358728E-01 6.942288E-01
3.548134E-17 1.369197E-01 6.963272E-01
3.630781E-17 1.379746E-01 6.983169E-01
3.715352E-17 1.390377E-01 7.003322E-01
3.801894E-17 1.401089E-01 7.022820E-01
3.890451E-17 1.411884E-01 7.040492E-01
3.981072E-17 1.422763E-01 7.056635E-01
4.073803E-17 1.433725E-01 7.072418E-01
4.168694E-17 1.444771E-01 7.086760E-01
4.265795E-17 1.455903E-01 7.099469E-01
4.365158E-17 1.467121E-01 7.111821E-01
4.466836E-17 1.478424E-01 7.123047E-01
4.570882E-17 1.489815E-01 7.133512E-01
4.677351E-17 1.501294E-01 7.145244E-01
4.786301E-17 1.512861E-01 7.158261E-01
4.897788E-17 1.524518E-01 7.169553E-01
5.011872E-17 1.536264E-01 7.178758E-01
5.128614E-17 1.548100E-01 7.188164E-01
5.248075E-17 1.560028E-01 7.199699E-01
5.370318E-17 1.572048E-01 7.213313E-01
5.495409E-17 1.584160E-01 7.225619E-01
5.623413E-17 1.596366E-01 7.234789E-01
5.754399E-17 1.608666E-01 7.239156E-01
5.888437E-17 1.621060E-01 7.243636E-01
6.025596E-17 1.633550E-01 7.251876E-01
6.165950E-17 1.646136E-01 7.263759E-01
6.309573E-17 1.658820E-01 7.275656E-01
6.456542E-17 1.671600E-01 7.280082E-01
6.606934E-17 1.684480E-01 7.282171E-01
6.760830E-17 1.697458E-01 7.287340E-01
6.918310E-17 1.710537E-01 7.293999E-01
7.079458E-17 1.723716E-01 7.299353E-01
7.244360E-17 1.736997E-01 7.302689E-01
7.413102E-17 1.750381E-01 7.303654E-01
7.585776E-17 1.763867E-01 7.302357E-01
7.762471E-17 1.777457E-01 7.303929E-01
7.943282E-17 1.791152E-01 7.304537E-01
8.128305E-17 1.804953E-01 7.304984E-01
8.317638E-17 1.818859E-01 7.303829E-01
8.511380E-17 1.832873E-01 7.302121E-01
8.709636E-17 1.846995E-01 7.298029E-01
8.912509E-17 1.861226E-01 7.296466E-01
9.120108E-17 1.875567E-01 7.298598E-01
9.332543E-17 1.890017E-01 7.295979E-01
9.549926E-17 1.904580E-01 7.288572E-01
9.772372E-17 1.919254E-01 7.282592E-01
1.000000E-16 1.934042E-01 7.278116E-01
1.023293E-16 1.948943E-01 7.276891E-01
1.047129E-16 1.963959E-01 7.274474E-01
1.071519E-16 1.979091E-01 7.269037E-01
1.096478E-16 1.994340E-01 7.261316E-01
1.122018E-16 2.009706E-01 7.258015E-01
1.148154E-16 2.025190E-01 7.253772E-01
1.174898E-16 2.040794E-01 7.242019E-01
1.202264E-16 2.056518E-01 7.228816E-01
1.230269E-16 2.072363E-01 7.224761E-01
1.258925E-16 2.088330E-01 7.223740E-01
1.288250E-16 2.104420E-01 7.212770E-01
1.318257E-16 2.120634E-01 7.192316E-01
1.348963E-16 2.136974E-01 7.171691E-01
1.380384E-16 2.153439E-01 7.160619E-01
1.412538E-16 2.170030E-01 7.161052E-01
1.445440E-16 2.186750E-01 7.150760E-01
1.479108E-16 2.203599E-01 7.125788E-01
1.513561E-16 2.220577E-01 7.099084E-01
1.548817E-16 2.237686E-01 7.083412E-01
1.584893E-16 2.254927E-01 7.075789E-01
1.621810E-16 2.272301E-01 7.059878E-01
1.659587E-16 2.289808E-01 7.034985E-01
1.698244E-16 2.307451E-01 7.016572E-01
1.737801E-16 2.325229E-01 7.002876E-01
1.778279E-16 2.343145E-01 6.988974E-01
1.819701E-16 2.361198E-01 6.965887E-01
1.862087E-16 2.379391E-01 6.941014E-01
1.905461E-16 2.397724E-01 6.924847E-01
1.949845E-16 2.416198E-01 6.919739E-01
1.995262E-16 2.434814E-01 6.902657E-01
2.041738E-16 2.453574E-01 6.870890E-01
2.089296E-16 2.472478E-01 6.845341E-01
2.137962E-16 2.491528E-01 6.821482E-01
2.187762E-16 2.510725E-01 6.814037E-01
2.238721E-16 2.530070E-01 6.806030E-01
2.290868E-16 2.549563E-01 6.777947E-01
2.344229E-16 2.569207E-01 6.738617E-01
2.398833E-16 2.589003E-01 6.711263E-01
2.454709E-16 2.608950E-01 6.696029E-01
2.511886E-16 2.629052E-01 6.691478E-01
2.570396E-16 2.649308E-01 6.679316E-01
2.630268E-16 2.669721E-01 6.627429E-01
2.691535E-16 2.690290E-01 6.591121E-01
2.754229E-16 2.711019E-01 6.572937E-01
2.818383E-16 2.731906E-01 6.566977E-01
2.884032E-16 2.752955E-01 6.554748E-01
2.951209E-16 2.774166E-01 6.506397E-01
3.019952E-16 2.795541E-01 6.467862E-01
3.090295E-16 2.817080E-01 6.446460E-01
3.162278E-16 2.838785E-01 6.432490E-01
3.235937E-16 2.860657E-01 6.415630E-01
3.311311E-16 2.882698E-01 6.375381E-01
3.388442E-16 2.904909E-01 6.342557E-01
3.467369E-16 2.927290E-01 6.320017E-01
3.548134E-16 2.949845E-01 6.298899E-01
3.630781E-16 2.972573E-01 6.257529E-01
3.715352E-16 2.995476E-01 6.233720E-01
3.801894E-16 3.018555E-01 6.203610E-01
3.890451E-16 3.041813E-01 6.177204E-01
3.981072E-16 3.065249E-01 6.148280E-01
4.073803E-16 3.088867E-01 6.103014E-01
4.168694E-16 3.112666E-01 6.072048E-01
4.265795E-16 3.136648E-01 6.058657E-01
4.365158E-16 3.160816E-01 6.021183E-01
4.466836E-16 3.185169E-01 5.990727E-01
4.570882E-16 3.209710E-01 5.963778E-01
4.677351E-16 3.234440E-01 5.927558E-01
4.786301E-16 3.259361E-01 5.908124E-01
4.897788E-16 3.284474E-01 5.869030E-01
5.011872E-16 3.309780E-01 5.833615E-01
5.128614E-16 3.335281E-01 5.817795E-01
5.248075E-16 3.360979E-01 5.784058E-01
5.370318E-16 3.386875E-01 5.748081E-01
5.495409E-16 3.412970E-01 5.716702E-01
5.623413E-16 3.439266E-01 5.678733E-01
5.754399E-16 3.465765E-01 5.643120E-01
5.888437E-16 3.492468E-01 5.617290E-01
6.025596E-16 3.519377E-01 5.589347E-01
6.165950E-16 3.546493E-01 5.555101E-01
6.309573E-16 3.573818E-01 5.515069E-01
6.456542E-16 3.601354E-01 5.471455E-01
6.606934E-16 3.629102E-01 5.443992E-01
6.760830E-16 3.657063E-01 5.419079E-01
6.918310E-16 3.685240E-01 5.391145E-01
7.079458E-16 3.713634E-01 5.347179E-01
7.244360E-16 3.742247E-01 5.312427E-01
7.413102E-16 3.771081E-01 5.277881E-01
7.585776E-16 3.800136E-01 5.245365E-01
7.762471E-16 3.829415E-01 5.206149E-01
7.943282E-16 3.858920E-01 5.186096E-01
8.128305E-16 3.888653E-01 5.154497E-01
8.317638E-16 3.918614E-01 5.110458E-01
8.511380E-16 3.948806E-01 5.063343E-01
8.709636E-16 3.979231E-01 5.029033E-01
8.912509E-16 4.009890E-01 5.003582E-01
9.120108E-16 4.040786E-01 4.977584E-01
9.332543E-16 4.071919E-01 4.944423E-01
9.549926E-16 4.103293E-01 4.895800E-01
9.772372E-16 4.134908E-01 4.844964E-01
1.000000E-15 4.166766E-01 4.818021E-01
1.023293E-15 4.198871E-01 4.808139E-01
1.047129E-15 4.231222E-01 4.772462E-01
1.071519E-15 4.263823E-01 4.720861E-01
1.096478E-15 4.296675E-01 4.672674E-01
1.122018E-15 4.329780E-01 4.642985E-01
1.148154E-15 4.363140E-01 4.625009E-01
1.174898E-15 4.396757E-01 4.585445E-01
1.202264E-15 4.430633E-01 4.547622E-01
1.230269E-15 4.464771E-01 4.510594E-01
1.258925E-15 4.499171E-01 4.468116E-01
1.288250E-15 4.533836E-01 4.431516E-01
1.318257E-15 4.568768E-01 4.409564E-01
1.348963E-15 4.603970E-01 4.369595E-01
1.380384E-15 4.639443E-01 4.330174E-01
1.412538E-15 4.675189E-01 4.303951E-01
1.445440E-15 4.711210E-01 4.250919E-01
1.479108E-15 4.747509E-01 4.218015E-01
1.513561E-15 4.784088E-01 4.209106E-01
1.548817E-15 4.820948E-01 4.158707E-01
1.584893E-15 4.858093E-01 4.108341E-01
1.621810E-15 4.895524E-01 4.090209E-01
1.659587E-15 4.933243E-01 4.060158E-01
1.698244E-15 4.971252E-01 4.014515E-01
1.737801E-15 5.009555E-01 3.995571E-01
1.778279E-15 5.048153E-01 3.950250E-01
1.819701E-15 5.087048E-01 3.908387E-01
1.862087E-15 5.126243E-01 3.878348E-01
1.905461E-15 5.165739E-01 3.858003E-01
1.949845E-15 5.205540E-01 3.809487E-01
1.995262E-15 5.245648E-01 3.781400E-01
2.041738E-15 5.286065E-01 3.738925E-01
2.089296E-15 5.326793E-01 3.704092E-01
2.137962E-15 5.367835E-01 3.690804E-01
2.187762E-15 5.409193E-01 3.644934E-01
2.238721E-15 5.450870E-01 3.597831E-01
2.290868E-15 5.492868E-01 3.585700E-01
2.344229E-15 5.535189E-01 3.555275E-01
2.398833E-15 5.577837E-01 3.506244E-01
2.454709E-15 5.620813E-01 3.492301E-01
2.511886E-15 5.664120E-01 3.457310E-01
2.570396E-15 5.707761E-01 3.405282E-01
2.630268E-15 5.751739E-01 3.400792E-01
2.691535E-15 5.796055E-01 3.367966E-01
2.754229E-15 5.840712E-01 3.319636E-01
2.818383E-15 5.885714E-01 3.301341E-01
2.884032E-15 5.931062E-01 3.269804E-01
2.951209E-15 5.976760E-01 3.236195E-01
3.019952E-15 6.022810E-01 3.217889E-01
3.090295E-15 6.069214E-01 3.167890E-01
3.162278E-15 6.115977E-01 3.155615E-01
3.235937E-15 6.163099E-01 3.123961E-01
3.311311E-15 6.210585E-01 3.084121E-01
3.388442E-15 6.258436E-01 3.068388E-01
3.467369E-15 6.306656E-01 3.030439E-01
3.548134E-15 6.355248E-01 2.989058E-01
3.630781E-15 6.404214E-01 2.984055E-01
3.715352E-15 6.453557E-01 2.940214E-01
3.801894E-15 6.503280E-01 2.897794E-01
3.890451E-15 6.553387E-01 2.896231E-01
3.981072E-15 6.603880E-01 2.849959E-01
4.073803E-15 6.654761E-01 2.817977E-01
4.168694E-15 6.706035E-01 2.808925E-01
4.265795E-15 6.757704E-01 2.769299E-01
4.365158E-15 6.809771E-01 2.743432E-01
4.466836E-15 6.862239E-01 2.738606E-01
4.570882E-15 6.915111E-01 2.690417E-01
4.677351E-15 6.968391E-01 2.668255E-01
4.786301E-15 7.022081E-01 2.662706E-01
4.897788E-15 7.076185E-01 2.608408E-01
5.011872E-15 7.130705E-01 2.599733E-01
5.128614E-15 7.185646E-01 2.577508E-01
5.248075E-15 7.241010E-01 2.535332E-01
5.370318E-15 7.296801E-01 2.520758E-01
5.495409E-15 7.353021E-01 2.506480E-01
5.623413E-15 7.409675E-01 2.472114E-01
5.754399E-15 7.466765E-01 2.451510E-01
5.888437E-15 7.524295E-01 2.439416E-01
6.025596E-15 7.582268E-01 2.400324E-01
6.165950E-15 7.640688E-01 2.376460E-01
6.309573E-15 7.699558E-01 2.359920E-01
6.456542E-15 7.758882E-01 2.315714E-01
6.606934E-15 7.818663E-01 2.294183E-01
6.760830E-15 7.878904E-01 2.284270E-01
6.918310E-15 7.939610E-01 2.243991E-01
7.079458E-15 8.000783E-01 2.240758E-01
7.244360E-15 8.062427E-01 2.226865E-01
7.413102E-15 8.124547E-01 2.185428E-01
7.585776E-15 8.187145E-01 2.191638E-01
7.762471E-15 8.250225E-01 2.149110E-01
7.943282E-15 8.313792E-01 2.136645E-01
8.128305E-15 8.377848E-01 2.111123E-01
8.317638E-15 8.442398E-01 2.077795E-01
8.511380E-15 8.507445E-01 2.062904E-01
8.709636E-15 8.572993E-01 2.050987E-01
8.912509E-15 8.639047E-01 2.021726E-01
9.120108E-15 8.705609E-01 2.012097E-01
9.332543E-15 8.772684E-01 1.994678E-01
9.549926E-15 8.840276E-01 1.964992E-01
9.772372E-15 8.908389E-01 1.943275E-01
1.000000E-14 8.977026E-01 1.928334E-01
1.023293E-14 9.046192E-01 1.896415E-01
1.047129E-14 9.115892E-01 1.892769E-01
1.071519E-14 9.186128E-01 1.862567E-01
1.096478E-14 9.256905E-01 1.847518E-01
1.122018E-14 9.328228E-01 1.834362E-01
1.148154E-14 9.400100E-01 1.809734E-01
1.174898E-14 9.472526E-01 1.811807E-01
1.202264E-14 9.545510E-01 1.779991E-01
1.230269E-14 9.619057E-01 1.765081E-01
1.258925E-14 9.693170E-01 1.743154E-01
1.288250E-14 9.767854E-01 1.727467E-01
1.318257E-14 9.843113E-01 1.715389E-01
1.348963E-14 9.918953E-01 1.695176E-01
1.380384E-14 9.995376E-01 1.662310E-01
1.412538E-14 1.007239E+00 1.650015E-01
1.445440E-14 1.014999E+00 1.632608E-01
1.479108E-14 1.022820E+00 1.613894E-01
1.513561E-14 1.030700E+00 1.617922E-01
1.548817E-14 1.038642E+00 1.595223E-01
1.584893E-14 1.046644E+00 1.581339E-01
1.621810E-14 1.054709E+00 1.546048E-01
1.659587E-14 1.062835E+00 1.553836E-01
1.698244E-14 1.071024E+00 1.523489E-01
1.737801E-14 1.079276E+00 1.514599E-01
1.778279E-14 1.087592E+00 1.512732E-01
1.819701E-14 1.095971E+00 1.489915E-01
1.862087E-14 1.104415E+00 1.467363E-01
1.905461E-14 1.112925E+00 1.459104E-01
1.949845E-14 1.121500E+00 1.434561E-01
1.995262E-14 1.130141E+00 1.422060E-01
2.041738E-14 1.138848E+00 1.414041E-01
2.089296E-14 1.147623E+00 1.388328E-01
2.137962E-14 1.156465E+00 1.380713E-01
2.187762E-14 1.165375E+00 1.373675E-01
2.238721E-14 1.174354E+00 1.348851E-01
2.290868E-14 1.183403E+00 1.336748E-01
2.344229E-14 1.192520E+00 1.340643E-01
2.398833E-14 1.201709E+00 1.333975E-01
2.454709E-14 1.210967E+00 1.326365E-01
2.511886E-14 1.220298E+00 1.283681E-01
2.570396E-14 1.229700E+00 1.256761E-01
2.630268E-14 1.239175E+00 1.258505E-01
2.691535E-14 1.248722E+00 1.246538E-01
2.754229E-14 1.258343E+00 1.247051E-01
2.818383E-14 1.268039E+00 1.240468E-01
2.884032E-14 1.277809E+00 1.217934E-01
2.951209E-14 1.287654E+00 1.197302E-01
3.019952E-14 1.297575E+00 1.185344E-01
3.090295E-14 1.307573E+00 1.172680E-01
3.162278E-14 1.317647E+00 1.191368E-01
3.235937E-14 1.327799E+00 1.167146E-01
3.311311E-14 1.338030E+00 1.132566E-01
3.388442E-14 1.348339E+00 1.120952E-01
3.467369E-14 1.358728E+00 1.117145E-01
3.548134E-14 1.369197E+00 1.117300E-01
3.630781E-14 1.379746E+00 1.128315E-01
3.715352E-14 1.390377E+00 1.094936E-01
3.801894E-14 1.401089E+00 1.068138E-01
3.890451E-14 1.411884E+00 1.058320E-01
3.981072E-14 1.422763E+00 1.050786E-01
4.073803E-14 1.433725E+00 1.057545E-01
4.168694E-14 1.444771E+00 1.049681E-01
4.265795E-14 1.455903E+00 1.026201E-01
4.365158E-14 1.467121E+00 1.007211E-01
4.466836E-14 1.478424E+00 9.978420E-02
4.570882E-14 1.489815E+00 1.002089E-01
4.677351E-14 1.501294E+00 1.001986E-01
4.786301E-14 1.512861E+00 9.815420E-02
4.897788E-14 1.524518E+00 9.699026E-02
5.011872E-14 1.536264E+00 9.607749E-02
5.128614E-14 1.548100E+00 9.441813E-02
5.248075E-14 1.560028E+00 9.475790E-02
5.370318E-14 1.572048E+00 9.376622E-02
5.495409E-14 1.584160E+00 9.131120E-02
5.623413E-14 1.596366E+00 9.094829E-02
5.754399E-14 1.608666E+00 8.987667E-02
5.888437E-14 1.621060E+00 8.969578E-02
6.025596E-14 1.633550E+00 8.902900E-02
6.165950E-14 1.646136E+00 8.999775E-02
6.309573E-14 1.658820E+00 8.727477E-02
6.456542E-14 1.671600E+00 8.498913E-02
6.606934E-14 1.684480E+00 8.476847E-02
6.760830E-14 1.697458E+00 8.379159E-02
6.918310E-14 1.710537E+00 8.507346E-02
7.079458E-14 1.723716E+00 8.286519E-02
7.244360E-14 1.736997E+00 8.121626E-02
7.413102E-14 1.750381E+00 8.198393E-02
7.585776E-14 1.763867E+00 8.095581E-02
7.762471E-14 1.777457E+00 8.048163E-02
7.943282E-14 1.791152E+00 7.916718E-02
8.128305E-14 1.804953E+00 7.764904E-02
8.317638E-14 1.818859E+00 7.743954E-02
8.511380E-14 1.832873E+00 7.695660E-02
8.709636E-14 1.846995E+00 7.677732E-02
8.912509E-14 1.861226E+00 7.524567E-02
9.120108E-14 1.875567E+00 7.455943E-02
9.332543E-14 1.890017E+00 7.368936E-02
9.549926E-14 1.904580E+00 7.283311E-02
9.772372E-14 1.919254E+00 7.315733E-02
1.000000E-13 1.934042E+00 7.436348E-02
1.023293E-13 1.948943E+00 7.095081E-02
1.047129E-13 1.963959E+00 7.007142E-02
1.071519E-13 1.979091E+00 7.037474E-02
1.096478E-13 1.994340E+00 6.907584E-02
1.122018E-13 2.009706E+00 6.844336E-02
1.148154E-13 2.025190E+00 6.741614E-02
1.174898E-13 2.040794E+00 6.808191E-02
1.202264E-13 2.056518E+00 6.765965E-02
1.230269E-13 2.072363E+00 6.712710E-02
1.258925E-13 2.088330E+00 6.594273E-02
1.288250E-13 2.104420E+00 6.482909E-02
1.318257E-13 2.120634E+00 6.375173E-02
1.348963E-13 2.136974E+00 6.392457E-02
1.380384E-13 2.153439E+00 6.373107E-02
1.412538E-13 2.170030E+00 6.301672E-02
1.445440E-13 2.186750E+00 6.238557E-02
1.479108E-13 2.203599E+00 6.111601E-02
1.513561E-13 2.220577E+00 6.147423E-02
1.548817E-13 2.237686E+00 6.125782E-02
1.584893E-13 2.254927E+00 6.005145E-02
1.621810E-13 2.272301E+00 5.969946E-02
1.659587E-13 2.289808E+00 5.932023E-02
1.698244E-13 2.307451E+00 5.840644E-02
1.737801E-13 2.325229E+00 5.777017E-02
1.778279E-13 2.343145E+00 5.687028E-02
1.819701E-13 2.361198E+00 5.676473E-02
1.862087E-13 2.379391E+00 5.739852E-02
1.905461E-13 2.397724E+00 5.667030E-02
1.949845E-13 2.416198E+00 5.544821E-02
1.995262E-13 2.434814E+00 5.493293E-02
2.041738E-13 2.453574E+00 5.410719E-02
2.089296E-13 2.472478E+00 5.378831E-02
2.137962E-13 2.491528E+00 5.409069E-02
2.187762E-13 2.510725E+00 5.319062E-02
2.238721E-13 2.530070E+00 5.299353E-02
2.290868E-13 2.549563E+00 5.254019E-02
2.344229E-13 2.569207E+00 5.180398E-02
2.398833E-13 2.589003E+00 5.091932E-02
2.454709E-13 2.608950E+00 5.139743E-02
2.511886E-13 2.629052E+00 5.044807E-02
2.570396E-13 2.649308E+00 5.067015E-02
2.630268E-13 2.669721E+00 4.959982E-02
2.691535E-13 2.690290E+00 4.867016E-02
2.754229E-13 2.711019E+00 4.918042E-02
2.818383E-13 2.731906E+00 4.879594E-02
2.884032E-13 2.752955E+00 4.807309E-02
2.951209E-13 2.774166E+00 4.805988E-02
3.019952E-13 2.795541E+00 4.693425E-02
3.090295E-13 2.817080E+00 4.649683E-02
3.162278E-13 2.838785E+00 4.650714E-02
3.235937E-13 2.860657E+00 4.611041E-02
3.311311E-13 2.882698E+00 4.646516E-02
3.388442E-13 2.904909E+00 4.562350E-02
3.467369E-13 2.927290E+00 4.486976E-02
3.548134E-13 2.949845E+00 4.413024E-02
3.630781E-13 2.972573E+00 4.388212E-02
3.715352E-13 2.995476E+00 4.439418E-02
3.801894E-13 3.018555E+00 4.381332E-02
3.890451E-13 3.041813E+00 4.319517E-02
3.981072E-13 3.065249E+00 4.283985E-02
4.073803E-13 3.088867E+00 4.242695E-02
4.168694E-13 3.112666E+00 4.239508E-02
4.265795E-13 3.136648E+00 4.189270E-02
4.365158E-13 3.160816E+00 4.157139E-02
4.466836E-13 3.185169E+00 4.084544E-02
4.570882E-13 3.209710E+00 4.058187E-02
4.677351E-13 3.234440E+00 4.066157E-02
4.786301E-13 3.259361E+00 4.047878E-02
4.897788E-13 3.284474E+00 4.015939E-02
5.011872E-13 3.309780E+00 3.941702E-02
5.128614E-13 3.335281E+00 3.924299E-02
5.248075E-13 3.360979E+00 3.861451E-02
5.370318E-13 3.386875E+00 3.867521E-02
5.495409E-13 3.412970E+00 3.827476E-02
5.623413E-13 3.439266E+00 3.828349E-02
5.754399E-13 3.465765E+00 3.795589E-02
5.888437E-13 3.492468E+00 3.724519E-02
6.025596E-13 3.519377E+00 3.687580E-02
6.165950E-13 3.546493E+00 3.694936E-02
6.309573E-13 3.573818E+00 3.662241E-02
6.456542E-13 3.601354E+00 3.635904E-02
6.606934E-13 3.629102E+00 3.568808E-02
6.760830E-13 3.657063E+00 3.574742E-02
6.918310E-13 3.685240E+00 3.556313E-02
7.079458E-13 3.713634E+00 3.539832E-02
7.244360E-13 3.742247E+00 3.475361E-02
7.413102E-13 3.771081E+00 3.440078E-02
7.585776E-13 3.800136E+00 3.443786E-02
7.762471E-13 3.829415E+00 3.413648E-02
7.943282E-13 3.858920E+00 3.399154E-02
8.128305E-13 3.888653E+00 3.356841E-02
8.317638E-13 3.918614E+00 3.341293E-02
8.511380E-13 3.948806E+00 3.296581E-02
8.709636E-13 3.979231E+00 3.265489E-02
8.912509E-13 4.009890E+00 3.260623E-02
9.120108E-13 4.040786E+00 3.261371E-02
9.332543E-13 4.071919E+00 3.218143E-02
9.549926E-13 4.103293E+00 3.167023E-02
9.772372E-13 4.134908E+00 3.161400E-02
1.000000E-12 4.166766E+00 3.154365E-02
    Mass        Radius     Beta ratio