1.000000e-19 1.789873e-02 5.134479e-01
1.023293e-19 1.803663e-02 5.146930e-01
1.047129e-19 1.817560e-02 5.159611e-01
1.071519e-19 1.831564e-02 5.172526e-01
1.096478e-19 1.845676e-02 5.185679e-01
1.122018e-19 1.859897e-02 5.199075e-01
1.148154e-19 1.874227e-02 5.212719e-01
1.174898e-19 1.888667e-02 5.226616e-01
1.202264e-19 1.903219e-02 5.240769e-01
1.230269e-19 1.917883e-02 5.255185e-01
1.258925e-19 1.932660e-02 5.269867e-01
1.288250e-19 1.947551e-02 5.284822e-01
1.318257e-19 1.962556e-02 5.300053e-01
1.348963e-19 1.977677e-02 5.315567e-01
1.380384e-19 1.992915e-02 5.331369e-01
1.412538e-19 2.008270e-02 5.347464e-01
1.445440e-19 2.023744e-02 5.363857e-01
1.479108e-19 2.039336e-02 5.380555e-01
1.513561e-19 2.055049e-02 5.397563e-01
1.548817e-19 2.070883e-02 5.414886e-01
1.584893e-19 2.086838e-02 5.432531e-01
1.621810e-19 2.102917e-02 5.450503e-01
1.659587e-19 2.119120e-02 5.468809e-01
1.698244e-19 2.135447e-02 5.487455e-01
1.737801e-19 2.151900e-02 5.506447e-01
1.778279e-19 2.168480e-02 5.525792e-01
1.819701e-19 2.185188e-02 5.545495e-01
1.862087e-19 2.202024e-02 5.565564e-01
1.905461e-19 2.218991e-02 5.586005e-01
1.949845e-19 2.236088e-02 5.606824e-01
1.995262e-19 2.253316e-02 5.628030e-01
2.041738e-19 2.270678e-02 5.649628e-01
2.089296e-19 2.288173e-02 5.671626e-01
2.137962e-19 2.305803e-02 5.694031e-01
2.187762e-19 2.323568e-02 5.716850e-01
2.238721e-19 2.341471e-02 5.740090e-01
2.290868e-19 2.359512e-02 5.763759e-01
2.344229e-19 2.377691e-02 5.787865e-01
2.398833e-19 2.396011e-02 5.812414e-01
2.454709e-19 2.414472e-02 5.837415e-01
2.511886e-19 2.433075e-02 5.862875e-01
2.570396e-19 2.451821e-02 5.888803e-01
2.630268e-19 2.470712e-02 5.915206e-01
2.691535e-19 2.489748e-02 5.942092e-01
2.754229e-19 2.508931e-02 5.969469e-01
2.818383e-19 2.528262e-02 5.997346e-01
2.884032e-19 2.547742e-02 6.025730e-01
2.951209e-19 2.567372e-02 6.054630e-01
3.019952e-19 2.587153e-02 6.084054e-01
3.090295e-19 2.607087e-02 6.114011e-01
3.162278e-19 2.627174e-02 6.144509e-01
3.235937e-19 2.647416e-02 6.175556e-01
3.311311e-19 2.667814e-02 6.207162e-01
3.388442e-19 2.688369e-02 6.239334e-01
3.467369e-19 2.709082e-02 6.272082e-01
3.548134e-19 2.729955e-02 6.305413e-01
3.630781e-19 2.750989e-02 6.339336e-01
3.715352e-19 2.772185e-02 6.373861e-01
3.801894e-19 2.793544e-02 6.408995e-01
3.890451e-19 2.815067e-02 6.444748e-01
3.981072e-19 2.836757e-02 6.481127e-01
4.073803e-19 2.858614e-02 6.518142e-01
4.168694e-19 2.880639e-02 6.555801e-01
4.265795e-19 2.902834e-02 6.594112e-01
4.365158e-19 2.925199e-02 6.633084e-01
4.466836e-19 2.947737e-02 6.672725e-01
4.570882e-19 2.970449e-02 6.713044e-01
4.677351e-19 2.993336e-02 6.754049e-01
4.786301e-19 3.016399e-02 6.795747e-01
4.897788e-19 3.039640e-02 6.838146e-01
5.011872e-19 3.063060e-02 6.881256e-01
5.128614e-19 3.086660e-02 6.925082e-01
5.248075e-19 3.110442e-02 6.969633e-01
5.370318e-19 3.134408e-02 7.014916e-01
5.495409e-19 3.158558e-02 7.060938e-01
5.623413e-19 3.182894e-02 7.107707e-01
5.754399e-19 3.207417e-02 7.155228e-01
5.888437e-19 3.232130e-02 7.203509e-01
6.025596e-19 3.257033e-02 7.252556e-01
6.165950e-19 3.282128e-02 7.302374e-01
6.309573e-19 3.307416e-02 7.352969e-01
6.456542e-19 3.332899e-02 7.404348e-01
6.606934e-19 3.358578e-02 7.456515e-01
6.760830e-19 3.384455e-02 7.509474e-01
6.918310e-19 3.410532e-02 7.563231e-01
7.079458e-19 3.436810e-02 7.617789e-01
7.244360e-19 3.463290e-02 7.673153e-01
7.413102e-19 3.489974e-02 7.729325e-01
7.585776e-19 3.516863e-02 7.786310e-01
7.762471e-19 3.543960e-02 7.844108e-01
7.943282e-19 3.571265e-02 7.902723e-01
8.128305e-19 3.598781e-02 7.962157e-01
8.317638e-19 3.626509e-02 8.022410e-01
8.511380e-19 3.654451e-02 8.083484e-01
8.709636e-19 3.682608e-02 8.145380e-01
8.912509e-19 3.710982e-02 8.208097e-01
9.120108e-19 3.739574e-02 8.271635e-01
9.332543e-19 3.768387e-02 8.335993e-01
9.549926e-19 3.797421e-02 8.401171e-01
9.772372e-19 3.826680e-02 8.467166e-01
1.000000e-18 3.856164e-02 8.533976e-01
1.023293e-18 3.885875e-02 8.601599e-01
1.047129e-18 3.915815e-02 8.670031e-01
1.071519e-18 3.945985e-02 8.739271e-01
1.096478e-18 3.976388e-02 8.809313e-01
1.122018e-18 4.007026e-02 8.880154e-01
1.148154e-18 4.037899e-02 8.951789e-01
1.174898e-18 4.069010e-02 9.024213e-01
1.202264e-18 4.100361e-02 9.097422e-01
1.230269e-18 4.131954e-02 9.171409e-01
1.258925e-18 4.163790e-02 9.246170e-01
1.288250e-18 4.195871e-02 9.321698e-01
1.318257e-18 4.228199e-02 9.397986e-01
1.348963e-18 4.260777e-02 9.475030e-01
1.380384e-18 4.293605e-02 9.552822e-01
1.412538e-18 4.326687e-02 9.631354e-01
1.445440e-18 4.360023e-02 9.710622e-01
1.479108e-18 4.393616e-02 9.790617e-01
1.513561e-18 4.427468e-02 9.871333e-01
1.548817e-18 4.461581e-02 9.952763e-01
1.584893e-18 4.495957e-02 1.003490e+00
1.621810e-18 4.530597e-02 1.011774e+00
1.659587e-18 4.565505e-02 1.020126e+00
1.698244e-18 4.600681e-02 1.028548e+00
1.737801e-18 4.636129e-02 1.037038e+00
1.778279e-18 4.671849e-02 1.045594e+00
1.819701e-18 4.707845e-02 1.054218e+00
1.862087e-18 4.744118e-02 1.062908e+00
1.905461e-18 4.780670e-02 1.071663e+00
1.949845e-18 4.817505e-02 1.080483e+00
1.995262e-18 4.854623e-02 1.089367e+00
2.041738e-18 4.892026e-02 1.098315e+00
2.089296e-18 4.929719e-02 1.107326e+00
2.137962e-18 4.967701e-02 1.116399e+00
2.187762e-18 5.005976e-02 1.125535e+00
2.238721e-18 5.044547e-02 1.134733e+00
2.290868e-18 5.083414e-02 1.143991e+00
2.344229e-18 5.122581e-02 1.153310e+00
2.398833e-18 5.162049e-02 1.162688e+00
2.454709e-18 5.201822e-02 1.172126e+00
2.511886e-18 5.241901e-02 1.181622e+00
2.570396e-18 5.282289e-02 1.191176e+00
2.630268e-18 5.322988e-02 1.200786e+00
2.691535e-18 5.364000e-02 1.210453e+00
2.754229e-18 5.405329e-02 1.220174e+00
2.818383e-18 5.446976e-02 1.229949e+00
2.884032e-18 5.488944e-02 1.239777e+00
2.951209e-18 5.531235e-02 1.249656e+00
3.019952e-18 5.573852e-02 1.259584e+00
3.090295e-18 5.616798e-02 1.269560e+00
3.162278e-18 5.660074e-02 1.279582e+00
3.235937e-18 5.703684e-02 1.289648e+00
3.311311e-18 5.747630e-02 1.299755e+00
3.388442e-18 5.791914e-02 1.309902e+00
3.467369e-18 5.836540e-02 1.320084e+00
3.548134e-18 5.881509e-02 1.330300e+00
3.630781e-18 5.926825e-02 1.340546e+00
3.715352e-18 5.972490e-02 1.350818e+00
3.801894e-18 6.018507e-02 1.361113e+00
3.890451e-18 6.064879e-02 1.371427e+00
3.981072e-18 6.111608e-02 1.381755e+00
4.073803e-18 6.158696e-02 1.392093e+00
4.168694e-18 6.206148e-02 1.402436e+00
4.265795e-18 6.253965e-02 1.412778e+00
4.365158e-18 6.302151e-02 1.423116e+00
4.466836e-18 6.350708e-02 1.433441e+00
4.570882e-18 6.399639e-02 1.443750e+00
4.677351e-18 6.448947e-02 1.454036e+00
4.786301e-18 6.498635e-02 1.464291e+00
4.897788e-18 6.548706e-02 1.474511e+00
5.011872e-18 6.599162e-02 1.484687e+00
5.128614e-18 6.650007e-02 1.494813e+00
5.248075e-18 6.701245e-02 1.504883e+00
5.370318e-18 6.752876e-02 1.514889e+00
5.495409e-18 6.804906e-02 1.524822e+00
5.623413e-18 6.857337e-02 1.534677e+00
5.754399e-18 6.910171e-02 1.544446e+00
5.888437e-18 6.963413e-02 1.554120e+00
6.025596e-18 7.017064e-02 1.563693e+00
6.165950e-18 7.071130e-02 1.573156e+00
6.309573e-18 7.125611e-02 1.582503e+00
6.456542e-18 7.180513e-02 1.591725e+00
6.606934e-18 7.235837e-02 1.600815e+00
6.760830e-18 7.291588e-02 1.609767e+00
6.918310e-18 7.347769e-02 1.618572e+00
7.079458e-18 7.404382e-02 1.627223e+00
7.244360e-18 7.461431e-02 1.635714e+00
7.413102e-18 7.518920e-02 1.644038e+00
7.585776e-18 7.576852e-02 1.652187e+00
7.762471e-18 7.635230e-02 1.660156e+00
7.943282e-18 7.694058e-02 1.667939e+00
8.128305e-18 7.753339e-02 1.675528e+00
8.317638e-18 7.813078e-02 1.682918e+00
8.511380e-18 7.873276e-02 1.690104e+00
8.709636e-18 7.933938e-02 1.697080e+00
8.912509e-18 7.995067e-02 1.703843e+00
9.120108e-18 8.056668e-02 1.710386e+00
9.332543e-18 8.118743e-02 1.716707e+00
9.549926e-18 8.181297e-02 1.722800e+00
9.772372e-18 8.244332e-02 1.728660e+00
1.000000e-17 8.307853e-02 1.734284e+00
1.023293e-17 8.371863e-02 1.739666e+00
1.047129e-17 8.436367e-02 1.744803e+00
1.071519e-17 8.501368e-02 1.749694e+00
1.096478e-17 8.566869e-02 1.754336e+00
1.122018e-17 8.632875e-02 1.758728e+00
1.148154e-17 8.699390e-02 1.762868e+00
1.174898e-17 8.766417e-02 1.766755e+00
1.202264e-17 8.833961e-02 1.770387e+00
1.230269e-17 8.902025e-02 1.773761e+00
1.258925e-17 8.970613e-02 1.776875e+00
1.288250e-17 9.039730e-02 1.779729e+00
1.318257e-17 9.109380e-02 1.782326e+00
1.348963e-17 9.179566e-02 1.784667e+00
1.380384e-17 9.250293e-02 1.786756e+00
1.412538e-17 9.321564e-02 1.788597e+00
1.445440e-17 9.393385e-02 1.790190e+00
1.479108e-17 9.465760e-02 1.791535e+00
1.513561e-17 9.538691e-02 1.792633e+00
1.548817e-17 9.612185e-02 1.793486e+00
1.584893e-17 9.686245e-02 1.794099e+00
1.621810e-17 9.760876e-02 1.794481e+00
1.659587e-17 9.836082e-02 1.794639e+00
1.698244e-17 9.911867e-02 1.794579e+00
1.737801e-17 9.988236e-02 1.794305e+00
1.778279e-17 1.006519e-01 1.793820e+00
1.819701e-17 1.014274e-01 1.793125e+00
1.862087e-17 1.022089e-01 1.792222e+00
1.905461e-17 1.029964e-01 1.791112e+00
1.949845e-17 1.037900e-01 1.789806e+00
1.995262e-17 1.045897e-01 1.788313e+00
2.041738e-17 1.053955e-01 1.786644e+00
2.089296e-17 1.062076e-01 1.784804e+00
2.137962e-17 1.070259e-01 1.782796e+00
2.187762e-17 1.078505e-01 1.780620e+00
2.238721e-17 1.086815e-01 1.778272e+00
2.290868e-17 1.095188e-01 1.775745e+00
2.344229e-17 1.103627e-01 1.773040e+00
2.398833e-17 1.112130e-01 1.770168e+00
2.454709e-17 1.120699e-01 1.767144e+00
2.511886e-17 1.129333e-01 1.763978e+00
2.570396e-17 1.138035e-01 1.760674e+00
2.630268e-17 1.146803e-01 1.757232e+00
2.691535e-17 1.155639e-01 1.753642e+00
2.754229e-17 1.164543e-01 1.749886e+00
2.818383e-17 1.173515e-01 1.745959e+00
2.884032e-17 1.182557e-01 1.741873e+00
2.951209e-17 1.191669e-01 1.737652e+00
3.019952e-17 1.200850e-01 1.733306e+00
3.090295e-17 1.210102e-01 1.728832e+00
3.162278e-17 1.219426e-01 1.724218e+00
3.235937e-17 1.228821e-01 1.719458e+00
3.311311e-17 1.238289e-01 1.714548e+00
3.388442e-17 1.247830e-01 1.709502e+00
3.467369e-17 1.257444e-01 1.704344e+00
3.548134e-17 1.267133e-01 1.699093e+00
3.630781e-17 1.276896e-01 1.693747e+00
3.715352e-17 1.286734e-01 1.688275e+00
3.801894e-17 1.296648e-01 1.682636e+00
3.890451e-17 1.306639e-01 1.676830e+00
3.981072e-17 1.316706e-01 1.670898e+00
4.073803e-17 1.326851e-01 1.664871e+00
4.168694e-17 1.337074e-01 1.658765e+00
4.265795e-17 1.347376e-01 1.652580e+00
4.365158e-17 1.357757e-01 1.646301e+00
4.466836e-17 1.368219e-01 1.639888e+00
4.570882e-17 1.378760e-01 1.633290e+00
4.677351e-17 1.389383e-01 1.626540e+00
4.786301e-17 1.400088e-01 1.619715e+00
4.897788e-17 1.410876e-01 1.612849e+00
5.011872e-17 1.421746e-01 1.605934e+00
5.128614e-17 1.432701e-01 1.598955e+00
5.248075e-17 1.443739e-01 1.591892e+00
5.370318e-17 1.454863e-01 1.584701e+00
5.495409e-17 1.466073e-01 1.577399e+00
5.623413e-17 1.477368e-01 1.570048e+00
5.754399e-17 1.488751e-01 1.562633e+00
5.888437e-17 1.500222e-01 1.555166e+00
6.025596e-17 1.511781e-01 1.547703e+00
6.165950e-17 1.523429e-01 1.540246e+00
6.309573e-17 1.535166e-01 1.532730e+00
6.456542e-17 1.546995e-01 1.525154e+00
6.606934e-17 1.558914e-01 1.517591e+00
6.760830e-17 1.570925e-01 1.510068e+00
6.918310e-17 1.583029e-01 1.502514e+00
7.079458e-17 1.595226e-01 1.494908e+00
7.244360e-17 1.607517e-01 1.487255e+00
7.413102e-17 1.619902e-01 1.479497e+00
7.585776e-17 1.632383e-01 1.471704e+00
7.762471e-17 1.644960e-01 1.463970e+00
7.943282e-17 1.657635e-01 1.456349e+00
8.128305e-17 1.670406e-01 1.448712e+00
8.317638e-17 1.683277e-01 1.440849e+00
8.511380e-17 1.696246e-01 1.432900e+00
8.709636e-17 1.709315e-01 1.424994e+00
8.912509e-17 1.722485e-01 1.417207e+00
9.120108e-17 1.735757e-01 1.409531e+00
9.332543e-17 1.749130e-01 1.401870e+00
9.549926e-17 1.762607e-01 1.394034e+00
9.772372e-17 1.776187e-01 1.386073e+00
1.000000e-16 1.789873e-01 1.378178e+00
1.023293e-16 1.803663e-01 1.370407e+00
1.047129e-16 1.817560e-01 1.362770e+00
1.071519e-16 1.831564e-01 1.355156e+00
1.096478e-16 1.845676e-01 1.347412e+00
1.122018e-16 1.859897e-01 1.339470e+00
1.148154e-16 1.874227e-01 1.331695e+00
1.174898e-16 1.888667e-01 1.324062e+00
1.202264e-16 1.903219e-01 1.316384e+00
1.230269e-16 1.917883e-01 1.308615e+00
1.258925e-16 1.932660e-01 1.300709e+00
1.288250e-16 1.947551e-01 1.292742e+00
1.318257e-16 1.962556e-01 1.284943e+00
1.348963e-16 1.977677e-01 1.277311e+00
1.380384e-16 1.992915e-01 1.269440e+00
1.412538e-16 2.008270e-01 1.261483e+00
1.445440e-16 2.023744e-01 1.253535e+00
1.479108e-16 2.039336e-01 1.245622e+00
1.513561e-16 2.055049e-01 1.237716e+00
1.548817e-16 2.070883e-01 1.229881e+00
1.584893e-16 2.086838e-01 1.222304e+00
1.621810e-16 2.102917e-01 1.214607e+00
1.659587e-16 2.119120e-01 1.206547e+00
1.698244e-16 2.135447e-01 1.198299e+00
1.737801e-16 2.151900e-01 1.190360e+00
1.778279e-16 2.168480e-01 1.182987e+00
1.819701e-16 2.185188e-01 1.175743e+00
1.862087e-16 2.202024e-01 1.167678e+00
1.905461e-16 2.218991e-01 1.159253e+00
1.949845e-16 2.236088e-01 1.151348e+00
1.995262e-16 2.253316e-01 1.144098e+00
2.041738e-16 2.270678e-01 1.136917e+00
2.089296e-16 2.288173e-01 1.128748e+00
2.137962e-16 2.305803e-01 1.120539e+00
2.187762e-16 2.323568e-01 1.112857e+00
2.238721e-16 2.341471e-01 1.105396e+00
2.290868e-16 2.359512e-01 1.097741e+00
2.344229e-16 2.377691e-01 1.089659e+00
2.398833e-16 2.396011e-01 1.081474e+00
2.454709e-16 2.414472e-01 1.073897e+00
2.511886e-16 2.433075e-01 1.066414e+00
2.570396e-16 2.451821e-01 1.058261e+00
2.630268e-16 2.470712e-01 1.050532e+00
2.691535e-16 2.489748e-01 1.042605e+00
2.754229e-16 2.508931e-01 1.034982e+00
2.818383e-16 2.528262e-01 1.027260e+00
2.884032e-16 2.547742e-01 1.019272e+00
2.951209e-16 2.567372e-01 1.011790e+00
3.019952e-16 2.587153e-01 1.004173e+00
3.090295e-16 2.607087e-01 9.966627e-01
3.162278e-16 2.627174e-01 9.890178e-01
3.235937e-16 2.647416e-01 9.820867e-01
3.311311e-16 2.667814e-01 9.747315e-01
3.388442e-16 2.688369e-01 9.668937e-01
3.467369e-16 2.709082e-01 9.589691e-01
3.548134e-16 2.729955e-01 9.518430e-01
3.630781e-16 2.750989e-01 9.452293e-01
3.715352e-16 2.772185e-01 9.367522e-01
3.801894e-16 2.793544e-01 9.283388e-01
3.890451e-16 2.815067e-01 9.209057e-01
3.981072e-16 2.836757e-01 9.144686e-01
4.073803e-16 2.858614e-01 9.068848e-01
4.168694e-16 2.880639e-01 8.981668e-01
4.265795e-16 2.902834e-01 8.907736e-01
4.365158e-16 2.925199e-01 8.842094e-01
4.466836e-16 2.947737e-01 8.772061e-01
4.570882e-16 2.970449e-01 8.691585e-01
4.677351e-16 2.993336e-01 8.616851e-01
4.786301e-16 3.016399e-01 8.551545e-01
4.897788e-16 3.039640e-01 8.486323e-01
5.011872e-16 3.063060e-01 8.410927e-01
5.128614e-16 3.086660e-01 8.333239e-01
5.248075e-16 3.110442e-01 8.261713e-01
5.370318e-16 3.134408e-01 8.193391e-01
5.495409e-16 3.158558e-01 8.125872e-01
5.623413e-16 3.182894e-01 8.045907e-01
5.754399e-16 3.207417e-01 7.972438e-01
5.888437e-16 3.232130e-01 7.902188e-01
6.025596e-16 3.257033e-01 7.835527e-01
6.165950e-16 3.282128e-01 7.763806e-01
6.309573e-16 3.307416e-01 7.693638e-01
6.456542e-16 3.332899e-01 7.619528e-01
6.606934e-16 3.358578e-01 7.557200e-01
6.760830e-16 3.384455e-01 7.498364e-01
6.918310e-16 3.410532e-01 7.422724e-01
7.079458e-16 3.436810e-01 7.351896e-01
7.244360e-16 3.463290e-01 7.297120e-01
7.413102e-16 3.489974e-01 7.241011e-01
7.585776e-16 3.516863e-01 7.154609e-01
7.762471e-16 3.543960e-01 7.092442e-01
7.943282e-16 3.571265e-01 7.042921e-01
8.128305e-16 3.598781e-01 6.970496e-01
8.317638e-16 3.626509e-01 6.895351e-01
8.511380e-16 3.654451e-01 6.840868e-01
8.709636e-16 3.682608e-01 6.777833e-01
8.912509e-16 3.710982e-01 6.707506e-01
9.120108e-16 3.739574e-01 6.647107e-01
9.332543e-16 3.768387e-01 6.588143e-01
9.549926e-16 3.797421e-01 6.522889e-01
9.772372e-16 3.826680e-01 6.465639e-01
1.000000e-15 3.856164e-01 6.407818e-01
1.023293e-15 3.885875e-01 6.343073e-01
1.047129e-15 3.915815e-01 6.279381e-01
1.071519e-15 3.945985e-01 6.228187e-01
1.096478e-15 3.976388e-01 6.165410e-01
1.122018e-15 4.007026e-01 6.097996e-01
1.148154e-15 4.037899e-01 6.044369e-01
1.174898e-15 4.069010e-01 5.987978e-01
1.202264e-15 4.100361e-01 5.924358e-01
1.230269e-15 4.131954e-01 5.864482e-01
1.258925e-15 4.163790e-01 5.812594e-01
1.288250e-15 4.195871e-01 5.754787e-01
1.318257e-15 4.228199e-01 5.687039e-01
1.348963e-15 4.260777e-01 5.643382e-01
1.380384e-15 4.293605e-01 5.594039e-01
1.412538e-15 4.326687e-01 5.518506e-01
1.445440e-15 4.360023e-01 5.471586e-01
1.479108e-15 4.393616e-01 5.431162e-01
1.513561e-15 4.427468e-01 5.358866e-01
1.548817e-15 4.461581e-01 5.311448e-01
1.584893e-15 4.495957e-01 5.270735e-01
1.621810e-15 4.530597e-01 5.205795e-01
1.659587e-15 4.565505e-01 5.161181e-01
1.698244e-15 4.600681e-01 5.116434e-01
1.737801e-15 4.636129e-01 5.054714e-01
1.778279e-15 4.671849e-01 5.015432e-01
1.819701e-15 4.707845e-01 4.963510e-01
1.862087e-15 4.744118e-01 4.908760e-01
1.905461e-15 4.780670e-01 4.871513e-01
1.949845e-15 4.817505e-01 4.814989e-01
1.995262e-15 4.854623e-01 4.760605e-01
2.041738e-15 4.892026e-01 4.721612e-01
2.089296e-15 4.929719e-01 4.674015e-01
2.137962e-15 4.967701e-01 4.616463e-01
2.187762e-15 5.005976e-01 4.575342e-01
2.238721e-15 5.044547e-01 4.536687e-01
2.290868e-15 5.083414e-01 4.482978e-01
2.344229e-15 5.122581e-01 4.436400e-01
2.398833e-15 5.162049e-01 4.404026e-01
2.454709e-15 5.201822e-01 4.353746e-01
2.511886e-15 5.241901e-01 4.305891e-01
2.570396e-15 5.282289e-01 4.281256e-01
2.630268e-15 5.322988e-01 4.220216e-01
2.691535e-15 5.364000e-01 4.186630e-01
2.754229e-15 5.405329e-01 4.149023e-01
2.818383e-15 5.446976e-01 4.096244e-01
2.884032e-15 5.488944e-01 4.067766e-01
2.951209e-15 5.531235e-01 4.011186e-01
3.019952e-15 5.573852e-01 3.982016e-01
3.090295e-15 5.616798e-01 3.937551e-01
3.162278e-15 5.660074e-01 3.887905e-01
3.235937e-15 5.703684e-01 3.862971e-01
3.311311e-15 5.747630e-01 3.813446e-01
3.388442e-15 5.791914e-01 3.772507e-01
3.467369e-15 5.836540e-01 3.740526e-01
3.548134e-15 5.881509e-01 3.700217e-01
3.630781e-15 5.926825e-01 3.661572e-01
3.715352e-15 5.972490e-01 3.625327e-01
3.801894e-15 6.018507e-01 3.582071e-01
3.890451e-15 6.064879e-01 3.542938e-01
3.981072e-15 6.111608e-01 3.518433e-01
4.073803e-15 6.158696e-01 3.473553e-01
4.168694e-15 6.206148e-01 3.438071e-01
4.265795e-15 6.253965e-01 3.409127e-01
4.365158e-15 6.302151e-01 3.373362e-01
4.466836e-15 6.350708e-01 3.342527e-01
4.570882e-15 6.399639e-01 3.312547e-01
4.677351e-15 6.448947e-01 3.272905e-01
4.786301e-15 6.498635e-01 3.250336e-01
4.897788e-15 6.548706e-01 3.202541e-01
5.011872e-15 6.599162e-01 3.185835e-01
5.128614e-15 6.650007e-01 3.136302e-01
5.248075e-15 6.701245e-01 3.115770e-01
5.370318e-15 6.752876e-01 3.074866e-01
5.495409e-15 6.804906e-01 3.050795e-01
5.623413e-15 6.857337e-01 3.022970e-01
5.754399e-15 6.910171e-01 2.989184e-01
5.888437e-15 6.963413e-01 2.957782e-01
6.025596e-15 7.017064e-01 2.925066e-01
6.165950e-15 7.071130e-01 2.882480e-01
6.309573e-15 7.125611e-01 2.849748e-01
6.456542e-15 7.180513e-01 2.824286e-01
6.606934e-15 7.235837e-01 2.787766e-01
6.760830e-15 7.291588e-01 2.764427e-01
6.918310e-15 7.347769e-01 2.738737e-01
7.079458e-15 7.404382e-01 2.727613e-01
7.244360e-15 7.461431e-01 2.699090e-01
7.413102e-15 7.518920e-01 2.676910e-01
7.585776e-15 7.576852e-01 2.653007e-01
7.762471e-15 7.635230e-01 2.617443e-01
7.943282e-15 7.694058e-01 2.588393e-01
8.128305e-15 7.753339e-01 2.549066e-01
8.317638e-15 7.813078e-01 2.538406e-01
8.511380e-15 7.873276e-01 2.506762e-01
8.709636e-15 7.933938e-01 2.498678e-01
8.912509e-15 7.995067e-01 2.453394e-01
9.120108e-15 8.056668e-01 2.429532e-01
9.332543e-15 8.118743e-01 2.397859e-01
9.549926e-15 8.181297e-01 2.383280e-01
9.772372e-15 8.244332e-01 2.353244e-01
    Mass        Radius     Beta ratio