1.000000e-19 1.789873e-02 4.960456e-01
1.023293e-19 1.803663e-02 4.969884e-01
1.047129e-19 1.817560e-02 4.979485e-01
1.071519e-19 1.831564e-02 4.989264e-01
1.096478e-19 1.845676e-02 4.999223e-01
1.122018e-19 1.859897e-02 5.009365e-01
1.148154e-19 1.874227e-02 5.019694e-01
1.174898e-19 1.888667e-02 5.030215e-01
1.202264e-19 1.903219e-02 5.040929e-01
1.230269e-19 1.917883e-02 5.051841e-01
1.258925e-19 1.932660e-02 5.062955e-01
1.288250e-19 1.947551e-02 5.074274e-01
1.318257e-19 1.962556e-02 5.085802e-01
1.348963e-19 1.977677e-02 5.097543e-01
1.380384e-19 1.992915e-02 5.109502e-01
1.412538e-19 2.008270e-02 5.121682e-01
1.445440e-19 2.023744e-02 5.134087e-01
1.479108e-19 2.039336e-02 5.146722e-01
1.513561e-19 2.055049e-02 5.159591e-01
1.548817e-19 2.070883e-02 5.172698e-01
1.584893e-19 2.086838e-02 5.186048e-01
1.621810e-19 2.102917e-02 5.199645e-01
1.659587e-19 2.119120e-02 5.213494e-01
1.698244e-19 2.135447e-02 5.227600e-01
1.737801e-19 2.151900e-02 5.241967e-01
1.778279e-19 2.168480e-02 5.256600e-01
1.819701e-19 2.185188e-02 5.271504e-01
1.862087e-19 2.202024e-02 5.286683e-01
1.905461e-19 2.218991e-02 5.302144e-01
1.949845e-19 2.236088e-02 5.317892e-01
1.995262e-19 2.253316e-02 5.333930e-01
2.041738e-19 2.270678e-02 5.350266e-01
2.089296e-19 2.288173e-02 5.366903e-01
2.137962e-19 2.305803e-02 5.383848e-01
2.187762e-19 2.323568e-02 5.401107e-01
2.238721e-19 2.341471e-02 5.418684e-01
2.290868e-19 2.359512e-02 5.436586e-01
2.344229e-19 2.377691e-02 5.454819e-01
2.398833e-19 2.396011e-02 5.473388e-01
2.454709e-19 2.414472e-02 5.492299e-01
2.511886e-19 2.433075e-02 5.511558e-01
2.570396e-19 2.451821e-02 5.531172e-01
2.630268e-19 2.470712e-02 5.551147e-01
2.691535e-19 2.489748e-02 5.571489e-01
2.754229e-19 2.508931e-02 5.592205e-01
2.818383e-19 2.528262e-02 5.613300e-01
2.884032e-19 2.547742e-02 5.634782e-01
2.951209e-19 2.567372e-02 5.656658e-01
3.019952e-19 2.587153e-02 5.678933e-01
3.090295e-19 2.607087e-02 5.701615e-01
3.162278e-19 2.627174e-02 5.724710e-01
3.235937e-19 2.647416e-02 5.748226e-01
3.311311e-19 2.667814e-02 5.772169e-01
3.388442e-19 2.688369e-02 5.796547e-01
3.467369e-19 2.709082e-02 5.821367e-01
3.548134e-19 2.729955e-02 5.846636e-01
3.630781e-19 2.750989e-02 5.872361e-01
3.715352e-19 2.772185e-02 5.898549e-01
3.801894e-19 2.793544e-02 5.925209e-01
3.890451e-19 2.815067e-02 5.952347e-01
3.981072e-19 2.836757e-02 5.979971e-01
4.073803e-19 2.858614e-02 6.008088e-01
4.168694e-19 2.880639e-02 6.036707e-01
4.265795e-19 2.902834e-02 6.065834e-01
4.365158e-19 2.925199e-02 6.095477e-01
4.466836e-19 2.947737e-02 6.125645e-01
4.570882e-19 2.970449e-02 6.156344e-01
4.677351e-19 2.993336e-02 6.187583e-01
4.786301e-19 3.016399e-02 6.219369e-01
4.897788e-19 3.039640e-02 6.251711e-01
5.011872e-19 3.063060e-02 6.284615e-01
5.128614e-19 3.086660e-02 6.318089e-01
5.248075e-19 3.110442e-02 6.352142e-01
5.370318e-19 3.134408e-02 6.386781e-01
5.495409e-19 3.158558e-02 6.422014e-01
5.623413e-19 3.182894e-02 6.457848e-01
5.754399e-19 3.207417e-02 6.494291e-01
5.888437e-19 3.232130e-02 6.531352e-01
6.025596e-19 3.257033e-02 6.569036e-01
6.165950e-19 3.282128e-02 6.607352e-01
6.309573e-19 3.307416e-02 6.646307e-01
6.456542e-19 3.332899e-02 6.685909e-01
6.606934e-19 3.358578e-02 6.726164e-01
6.760830e-19 3.384455e-02 6.767080e-01
6.918310e-19 3.410532e-02 6.808664e-01
7.079458e-19 3.436810e-02 6.850923e-01
7.244360e-19 3.463290e-02 6.893863e-01
7.413102e-19 3.489974e-02 6.937491e-01
7.585776e-19 3.516863e-02 6.981813e-01
7.762471e-19 3.543960e-02 7.026837e-01
7.943282e-19 3.571265e-02 7.072567e-01
8.128305e-19 3.598781e-02 7.119009e-01
8.317638e-19 3.626509e-02 7.166170e-01
8.511380e-19 3.654451e-02 7.214054e-01
8.709636e-19 3.682608e-02 7.262667e-01
8.912509e-19 3.710982e-02 7.312014e-01
9.120108e-19 3.739574e-02 7.362100e-01
9.332543e-19 3.768387e-02 7.412928e-01
9.549926e-19 3.797421e-02 7.464504e-01
9.772372e-19 3.826680e-02 7.516830e-01
1.000000e-18 3.856164e-02 7.569910e-01
1.023293e-18 3.885875e-02 7.623748e-01
1.047129e-18 3.915815e-02 7.678346e-01
1.071519e-18 3.945985e-02 7.733706e-01
1.096478e-18 3.976388e-02 7.789831e-01
1.122018e-18 4.007026e-02 7.846721e-01
1.148154e-18 4.037899e-02 7.904380e-01
1.174898e-18 4.069010e-02 7.962806e-01
1.202264e-18 4.100361e-02 8.022001e-01
1.230269e-18 4.131954e-02 8.081964e-01
1.258925e-18 4.163790e-02 8.142695e-01
1.288250e-18 4.195871e-02 8.204194e-01
1.318257e-18 4.228199e-02 8.266457e-01
1.348963e-18 4.260777e-02 8.329485e-01
1.380384e-18 4.293605e-02 8.393273e-01
1.412538e-18 4.326687e-02 8.457820e-01
1.445440e-18 4.360023e-02 8.523122e-01
1.479108e-18 4.393616e-02 8.589175e-01
1.513561e-18 4.427468e-02 8.655974e-01
1.548817e-18 4.461581e-02 8.723515e-01
1.584893e-18 4.495957e-02 8.791791e-01
1.621810e-18 4.530597e-02 8.860798e-01
1.659587e-18 4.565505e-02 8.930529e-01
1.698244e-18 4.600681e-02 9.000976e-01
1.737801e-18 4.636129e-02 9.072133e-01
1.778279e-18 4.671849e-02 9.143990e-01
1.819701e-18 4.707845e-02 9.216541e-01
1.862087e-18 4.744118e-02 9.289774e-01
1.905461e-18 4.780670e-02 9.363683e-01
1.949845e-18 4.817505e-02 9.438255e-01
1.995262e-18 4.854623e-02 9.513481e-01
2.041738e-18 4.892026e-02 9.589350e-01
2.089296e-18 4.929719e-02 9.665851e-01
2.137962e-18 4.967701e-02 9.742973e-01
2.187762e-18 5.005976e-02 9.820702e-01
2.238721e-18 5.044547e-02 9.899028e-01
2.290868e-18 5.083414e-02 9.977937e-01
2.344229e-18 5.122581e-02 1.005742e+00
2.398833e-18 5.162049e-02 1.013745e+00
2.454709e-18 5.201822e-02 1.021803e+00
2.511886e-18 5.241901e-02 1.029914e+00
2.570396e-18 5.282289e-02 1.038077e+00
2.630268e-18 5.322988e-02 1.046290e+00
2.691535e-18 5.364000e-02 1.054552e+00
2.754229e-18 5.405329e-02 1.062861e+00
2.818383e-18 5.446976e-02 1.071216e+00
2.884032e-18 5.488944e-02 1.079617e+00
2.951209e-18 5.531235e-02 1.088060e+00
3.019952e-18 5.573852e-02 1.096546e+00
3.090295e-18 5.616798e-02 1.105072e+00
3.162278e-18 5.660074e-02 1.113638e+00
3.235937e-18 5.703684e-02 1.122241e+00
3.311311e-18 5.747630e-02 1.130882e+00
3.388442e-18 5.791914e-02 1.139558e+00
3.467369e-18 5.836540e-02 1.148269e+00
3.548134e-18 5.881509e-02 1.157014e+00
3.630781e-18 5.926825e-02 1.165790e+00
3.715352e-18 5.972490e-02 1.174598e+00
3.801894e-18 6.018507e-02 1.183436e+00
3.890451e-18 6.064879e-02 1.192304e+00
3.981072e-18 6.111608e-02 1.201200e+00
4.073803e-18 6.158696e-02 1.210123e+00
4.168694e-18 6.206148e-02 1.219073e+00
4.265795e-18 6.253965e-02 1.228048e+00
4.365158e-18 6.302151e-02 1.237048e+00
4.466836e-18 6.350708e-02 1.246072e+00
4.570882e-18 6.399639e-02 1.255118e+00
4.677351e-18 6.448947e-02 1.264186e+00
4.786301e-18 6.498635e-02 1.273275e+00
4.897788e-18 6.548706e-02 1.282383e+00
5.011872e-18 6.599162e-02 1.291510e+00
5.128614e-18 6.650007e-02 1.300653e+00
5.248075e-18 6.701245e-02 1.309812e+00
5.370318e-18 6.752876e-02 1.318984e+00
5.495409e-18 6.804906e-02 1.328168e+00
5.623413e-18 6.857337e-02 1.337362e+00
5.754399e-18 6.910171e-02 1.346564e+00
5.888437e-18 6.963413e-02 1.355770e+00
6.025596e-18 7.017064e-02 1.364979e+00
6.165950e-18 7.071130e-02 1.374187e+00
6.309573e-18 7.125611e-02 1.383392e+00
6.456542e-18 7.180513e-02 1.392589e+00
6.606934e-18 7.235837e-02 1.401775e+00
6.760830e-18 7.291588e-02 1.410946e+00
6.918310e-18 7.347769e-02 1.420097e+00
7.079458e-18 7.404382e-02 1.429224e+00
7.244360e-18 7.461431e-02 1.438323e+00
7.413102e-18 7.518920e-02 1.447512e+00
7.585776e-18 7.576852e-02 1.456411e+00
7.762471e-18 7.635230e-02 1.465390e+00
7.943282e-18 7.694058e-02 1.474317e+00
8.128305e-18 7.753339e-02 1.483187e+00
8.317638e-18 7.813078e-02 1.491993e+00
8.511380e-18 7.873276e-02 1.500728e+00
8.709636e-18 7.933938e-02 1.509386e+00
8.912509e-18 7.995067e-02 1.517960e+00
9.120108e-18 8.056668e-02 1.526442e+00
9.332543e-18 8.118743e-02 1.534825e+00
9.549926e-18 8.181297e-02 1.543103e+00
9.772372e-18 8.244332e-02 1.551268e+00
1.000000e-17 8.307853e-02 1.559314e+00
1.023293e-17 8.371863e-02 1.567232e+00
1.047129e-17 8.436367e-02 1.575016e+00
1.071519e-17 8.501368e-02 1.582660e+00
1.096478e-17 8.566869e-02 1.590157e+00
1.122018e-17 8.632875e-02 1.597499e+00
1.148154e-17 8.699390e-02 1.604681e+00
1.174898e-17 8.766417e-02 1.611698e+00
1.202264e-17 8.833961e-02 1.618544e+00
1.230269e-17 8.902025e-02 1.625213e+00
1.258925e-17 8.970613e-02 1.631701e+00
1.288250e-17 9.039730e-02 1.638004e+00
1.318257e-17 9.109380e-02 1.644119e+00
1.348963e-17 9.179566e-02 1.650041e+00
1.380384e-17 9.250293e-02 1.655768e+00
1.412538e-17 9.321564e-02 1.661298e+00
1.445440e-17 9.393385e-02 1.666628e+00
1.479108e-17 9.465760e-02 1.671758e+00
1.513561e-17 9.538691e-02 1.676686e+00
1.548817e-17 9.612185e-02 1.681412e+00
1.584893e-17 9.686245e-02 1.685934e+00
1.621810e-17 9.760876e-02 1.690254e+00
1.659587e-17 9.836082e-02 1.694371e+00
1.698244e-17 9.911867e-02 1.698286e+00
1.737801e-17 9.988236e-02 1.702000e+00
1.778279e-17 1.006519e-01 1.705512e+00
1.819701e-17 1.014274e-01 1.708824e+00
1.862087e-17 1.022089e-01 1.711937e+00
1.905461e-17 1.029964e-01 1.714852e+00
1.949845e-17 1.037900e-01 1.717569e+00
1.995262e-17 1.045897e-01 1.720090e+00
2.041738e-17 1.053955e-01 1.722414e+00
2.089296e-17 1.062076e-01 1.724543e+00
2.137962e-17 1.070259e-01 1.726478e+00
2.187762e-17 1.078505e-01 1.728219e+00
2.238721e-17 1.086815e-01 1.729766e+00
2.290868e-17 1.095188e-01 1.731121e+00
2.344229e-17 1.103627e-01 1.732284e+00
2.398833e-17 1.112130e-01 1.733253e+00
2.454709e-17 1.120699e-01 1.734033e+00
2.511886e-17 1.129333e-01 1.734623e+00
2.570396e-17 1.138035e-01 1.735022e+00
2.630268e-17 1.146803e-01 1.735232e+00
2.691535e-17 1.155639e-01 1.735254e+00
2.754229e-17 1.164543e-01 1.735087e+00
2.818383e-17 1.173515e-01 1.734732e+00
2.884032e-17 1.182557e-01 1.734190e+00
2.951209e-17 1.191669e-01 1.733460e+00
3.019952e-17 1.200850e-01 1.732543e+00
3.090295e-17 1.210102e-01 1.731438e+00
3.162278e-17 1.219426e-01 1.730146e+00
3.235937e-17 1.228821e-01 1.728664e+00
3.311311e-17 1.238289e-01 1.726992e+00
3.388442e-17 1.247830e-01 1.725129e+00
3.467369e-17 1.257444e-01 1.723075e+00
3.548134e-17 1.267133e-01 1.720826e+00
3.630781e-17 1.276896e-01 1.718384e+00
3.715352e-17 1.286734e-01 1.715746e+00
3.801894e-17 1.296648e-01 1.712912e+00
3.890451e-17 1.306639e-01 1.709881e+00
3.981072e-17 1.316706e-01 1.706655e+00
4.073803e-17 1.326851e-01 1.703235e+00
4.168694e-17 1.337074e-01 1.699622e+00
4.265795e-17 1.347376e-01 1.695818e+00
4.365158e-17 1.357757e-01 1.691825e+00
4.466836e-17 1.368219e-01 1.687649e+00
4.570882e-17 1.378760e-01 1.683292e+00
4.677351e-17 1.389383e-01 1.678759e+00
4.786301e-17 1.400088e-01 1.674056e+00
4.897788e-17 1.410876e-01 1.669187e+00
5.011872e-17 1.421746e-01 1.664158e+00
5.128614e-17 1.432701e-01 1.658972e+00
5.248075e-17 1.443739e-01 1.653636e+00
5.370318e-17 1.454863e-01 1.648154e+00
5.495409e-17 1.466073e-01 1.642531e+00
5.623413e-17 1.477368e-01 1.636769e+00
5.754399e-17 1.488751e-01 1.630873e+00
5.888437e-17 1.500222e-01 1.624847e+00
6.025596e-17 1.511781e-01 1.618693e+00
6.165950e-17 1.523429e-01 1.612414e+00
6.309573e-17 1.535166e-01 1.606012e+00
6.456542e-17 1.546995e-01 1.599491e+00
6.606934e-17 1.558914e-01 1.592852e+00
6.760830e-17 1.570925e-01 1.586097e+00
6.918310e-17 1.583029e-01 1.579230e+00
7.079458e-17 1.595226e-01 1.572253e+00
7.244360e-17 1.607517e-01 1.565167e+00
7.413102e-17 1.619902e-01 1.557977e+00
7.585776e-17 1.632383e-01 1.550686e+00
7.762471e-17 1.644960e-01 1.543296e+00
7.943282e-17 1.657635e-01 1.535811e+00
8.128305e-17 1.670406e-01 1.528235e+00
8.317638e-17 1.683277e-01 1.520573e+00
8.511380e-17 1.696246e-01 1.512827e+00
8.709636e-17 1.709315e-01 1.505003e+00
8.912509e-17 1.722485e-01 1.497104e+00
9.120108e-17 1.735757e-01 1.489134e+00
9.332543e-17 1.749130e-01 1.481095e+00
9.549926e-17 1.762607e-01 1.472991e+00
9.772372e-17 1.776187e-01 1.464823e+00
1.000000e-16 1.789873e-01 1.456594e+00
1.023293e-16 1.803663e-01 1.448302e+00
1.047129e-16 1.817560e-01 1.439950e+00
1.071519e-16 1.831564e-01 1.431536e+00
1.096478e-16 1.845676e-01 1.423060e+00
1.122018e-16 1.859897e-01 1.414524e+00
1.148154e-16 1.874227e-01 1.405927e+00
1.174898e-16 1.888667e-01 1.397273e+00
1.202264e-16 1.903219e-01 1.388562e+00
1.230269e-16 1.917883e-01 1.379800e+00
1.258925e-16 1.932660e-01 1.370993e+00
1.288250e-16 1.947551e-01 1.362145e+00
1.318257e-16 1.962556e-01 1.353265e+00
1.348963e-16 1.977677e-01 1.344360e+00
1.380384e-16 1.992915e-01 1.335436e+00
1.412538e-16 2.008270e-01 1.326501e+00
1.445440e-16 2.023744e-01 1.317561e+00
1.479108e-16 2.039336e-01 1.308620e+00
1.513561e-16 2.055049e-01 1.299683e+00
1.548817e-16 2.070883e-01 1.290752e+00
1.584893e-16 2.086838e-01 1.281828e+00
1.621810e-16 2.102917e-01 1.272913e+00
1.659587e-16 2.119120e-01 1.264005e+00
1.698244e-16 2.135447e-01 1.255106e+00
1.737801e-16 2.151900e-01 1.246213e+00
1.778279e-16 2.168480e-01 1.237327e+00
1.819701e-16 2.185188e-01 1.228447e+00
1.862087e-16 2.202024e-01 1.219574e+00
1.905461e-16 2.218991e-01 1.210707e+00
1.949845e-16 2.236088e-01 1.201847e+00
1.995262e-16 2.253316e-01 1.192995e+00
2.041738e-16 2.270678e-01 1.184152e+00
2.089296e-16 2.288173e-01 1.175319e+00
2.137962e-16 2.305803e-01 1.166497e+00
2.187762e-16 2.323568e-01 1.157686e+00
2.238721e-16 2.341471e-01 1.148888e+00
2.290868e-16 2.359512e-01 1.140100e+00
2.344229e-16 2.377691e-01 1.131323e+00
2.398833e-16 2.396011e-01 1.122555e+00
2.454709e-16 2.414472e-01 1.113794e+00
2.511886e-16 2.433075e-01 1.105038e+00
2.570396e-16 2.451821e-01 1.096288e+00
2.630268e-16 2.470712e-01 1.087541e+00
2.691535e-16 2.489748e-01 1.078800e+00
2.754229e-16 2.508931e-01 1.070065e+00
2.818383e-16 2.528262e-01 1.061341e+00
2.884032e-16 2.547742e-01 1.052631e+00
2.951209e-16 2.567372e-01 1.043942e+00
3.019952e-16 2.587153e-01 1.035279e+00
3.090295e-16 2.607087e-01 1.026647e+00
3.162278e-16 2.627174e-01 1.018052e+00
3.235937e-16 2.647416e-01 1.009497e+00
3.311311e-16 2.667814e-01 1.000984e+00
3.388442e-16 2.688369e-01 9.925156e-01
3.467369e-16 2.709082e-01 9.840903e-01
3.548134e-16 2.729955e-01 9.757075e-01
3.630781e-16 2.750989e-01 9.673658e-01
3.715352e-16 2.772185e-01 9.590643e-01
3.801894e-16 2.793544e-01 9.508025e-01
3.890451e-16 2.815067e-01 9.425809e-01
3.981072e-16 2.836757e-01 9.344009e-01
4.073803e-16 2.858614e-01 9.262646e-01
4.168694e-16 2.880639e-01 9.181743e-01
4.265795e-16 2.902834e-01 9.101316e-01
4.365158e-16 2.925199e-01 9.021370e-01
4.466836e-16 2.947737e-01 8.941894e-01
4.570882e-16 2.970449e-01 8.862862e-01
4.677351e-16 2.993336e-01 8.784236e-01
4.786301e-16 3.016399e-01 8.705976e-01
4.897788e-16 3.039640e-01 8.628047e-01
5.011872e-16 3.063060e-01 8.550431e-01
5.128614e-16 3.086660e-01 8.473132e-01
5.248075e-16 3.110442e-01 8.396179e-01
5.370318e-16 3.134408e-01 8.319617e-01
5.495409e-16 3.158558e-01 8.243500e-01
5.623413e-16 3.182894e-01 8.167882e-01
5.754399e-16 3.207417e-01 8.092803e-01
5.888437e-16 3.232130e-01 8.018282e-01
6.025596e-16 3.257033e-01 7.944317e-01
6.165950e-16 3.282128e-01 7.870888e-01
6.309573e-16 3.307416e-01 7.797968e-01
6.456542e-16 3.332899e-01 7.725525e-01
6.606934e-16 3.358578e-01 7.653540e-01
6.760830e-16 3.384455e-01 7.582003e-01
6.918310e-16 3.410532e-01 7.510916e-01
7.079458e-16 3.436810e-01 7.440290e-01
7.244360e-16 3.463290e-01 7.370131e-01
7.413102e-16 3.489974e-01 7.300439e-01
7.585776e-16 3.516863e-01 7.231204e-01
7.762471e-16 3.543960e-01 7.162406e-01
7.943282e-16 3.571265e-01 7.094022e-01
8.128305e-16 3.598781e-01 7.026039e-01
8.317638e-16 3.626509e-01 6.958462e-01
8.511380e-16 3.654451e-01 6.891322e-01
8.709636e-16 3.682608e-01 6.824676e-01
8.912509e-16 3.710982e-01 6.758601e-01
9.120108e-16 3.739574e-01 6.693177e-01
9.332543e-16 3.768387e-01 6.628471e-01
9.549926e-16 3.797421e-01 6.564522e-01
9.772372e-16 3.826680e-01 6.501331e-01
1.000000e-15 3.856164e-01 6.438860e-01
1.023293e-15 3.885875e-01 6.377040e-01
1.047129e-15 3.915815e-01 6.315787e-01
1.071519e-15 3.945985e-01 6.255013e-01
1.096478e-15 3.976388e-01 6.194644e-01
1.122018e-15 4.007026e-01 6.134627e-01
1.148154e-15 4.037899e-01 6.074935e-01
1.174898e-15 4.069010e-01 6.015566e-01
1.202264e-15 4.100361e-01 5.956537e-01
1.230269e-15 4.131954e-01 5.897883e-01
1.258925e-15 4.163790e-01 5.839651e-01
1.288250e-15 4.195871e-01 5.781891e-01
1.318257e-15 4.228199e-01 5.724652e-01
1.348963e-15 4.260777e-01 5.667970e-01
1.380384e-15 4.293605e-01 5.611863e-01
1.412538e-15 4.326687e-01 5.556326e-01
1.445440e-15 4.360023e-01 5.501334e-01
1.479108e-15 4.393616e-01 5.446856e-01
1.513561e-15 4.427468e-01 5.392864e-01
1.548817e-15 4.461581e-01 5.339345e-01
1.584893e-15 4.495957e-01 5.286303e-01
1.621810e-15 4.530597e-01 5.233756e-01
1.659587e-15 4.565505e-01 5.181725e-01
1.698244e-15 4.600681e-01 5.130224e-01
1.737801e-15 4.636129e-01 5.079252e-01
1.778279e-15 4.671849e-01 5.028801e-01
1.819701e-15 4.707845e-01 4.978863e-01
1.862087e-15 4.744118e-01 4.929441e-01
1.905461e-15 4.780670e-01 4.880553e-01
1.949845e-15 4.817505e-01 4.832221e-01
1.995262e-15 4.854623e-01 4.784451e-01
2.041738e-15 4.892026e-01 4.737210e-01
2.089296e-15 4.929719e-01 4.690424e-01
2.137962e-15 4.967701e-01 4.643989e-01
2.187762e-15 5.005976e-01 4.597805e-01
2.238721e-15 5.044547e-01 4.551812e-01
2.290868e-15 5.083414e-01 4.506018e-01
2.344229e-15 5.122581e-01 4.460508e-01
2.398833e-15 5.162049e-01 4.415411e-01
2.454709e-15 5.201822e-01 4.370859e-01
2.511886e-15 5.241901e-01 4.326936e-01
2.570396e-15 5.282289e-01 4.283646e-01
2.630268e-15 5.322988e-01 4.240917e-01
2.691535e-15 5.364000e-01 4.198632e-01
2.754229e-15 5.405329e-01 4.156673e-01
2.818383e-15 5.446976e-01 4.114969e-01
2.884032e-15 5.488944e-01 4.073521e-01
2.951209e-15 5.531235e-01 4.032397e-01
3.019952e-15 5.573852e-01 3.991702e-01
3.090295e-15 5.616798e-01 3.951536e-01
3.162278e-15 5.660074e-01 3.911949e-01
3.235937e-15 5.703684e-01 3.872920e-01
3.311311e-15 5.747630e-01 3.834361e-01
3.388442e-15 5.791914e-01 3.796154e-01
3.467369e-15 5.836540e-01 3.758210e-01
3.548134e-15 5.881509e-01 3.720511e-01
3.630781e-15 5.926825e-01 3.683115e-01
3.715352e-15 5.972490e-01 3.646119e-01
3.801894e-15 6.018507e-01 3.609600e-01
3.890451e-15 6.064879e-01 3.573571e-01
3.981072e-15 6.111608e-01 3.537965e-01
4.073803e-15 6.158696e-01 3.502680e-01
4.168694e-15 6.206148e-01 3.467636e-01
4.265795e-15 6.253965e-01 3.432831e-01
4.365158e-15 6.302151e-01 3.398347e-01
4.466836e-15 6.350708e-01 3.364300e-01
4.570882e-15 6.399639e-01 3.330769e-01
4.677351e-15 6.448947e-01 3.297742e-01
4.786301e-15 6.498635e-01 3.265117e-01
4.897788e-15 6.548706e-01 3.232753e-01
5.011872e-15 6.599162e-01 3.200546e-01
5.128614e-15 6.650007e-01 3.168477e-01
5.248075e-15 6.701245e-01 3.136615e-01
5.370318e-15 6.752876e-01 3.105080e-01
5.495409e-15 6.804906e-01 3.073977e-01
5.623413e-15 6.857337e-01 3.043354e-01
5.754399e-15 6.910171e-01 3.013184e-01
5.888437e-15 6.963413e-01 2.983389e-01
6.025596e-15 7.017064e-01 2.953882e-01
6.165950e-15 7.071130e-01 2.924604e-01
6.309573e-15 7.125611e-01 2.895541e-01
6.456542e-15 7.180513e-01 2.866711e-01
6.606934e-15 7.235837e-01 2.838157e-01
6.760830e-15 7.291588e-01 2.809927e-01
6.918310e-15 7.347769e-01 2.782067e-01
7.079458e-15 7.404382e-01 2.754607e-01
7.244360e-15 7.461431e-01 2.727538e-01
7.413102e-15 7.518920e-01 2.700787e-01
7.585776e-15 7.576852e-01 2.674231e-01
7.762471e-15 7.635230e-01 2.647772e-01
7.943282e-15 7.694058e-01 2.621409e-01
8.128305e-15 7.753339e-01 2.595273e-01
8.317638e-15 7.813078e-01 2.569548e-01
8.511380e-15 7.873276e-01 2.544358e-01
8.709636e-15 7.933938e-01 2.519666e-01
8.912509e-15 7.995067e-01 2.495287e-01
9.120108e-15 8.056668e-01 2.471005e-01
9.332543e-15 8.118743e-01 2.446724e-01
9.549926e-15 8.181297e-01 2.422533e-01
9.772372e-15 8.244332e-01 2.398631e-01
1.000000e-14 8.307853e-01 2.375165e-01
1.023293e-14 8.371863e-01 2.352132e-01
1.047129e-14 8.436367e-01 2.329389e-01
1.071519e-14 8.501368e-01 2.306767e-01
1.096478e-14 8.566869e-01 2.284209e-01
1.122018e-14 8.632875e-01 2.261797e-01
1.148154e-14 8.699390e-01 2.239668e-01
1.174898e-14 8.766417e-01 2.217897e-01
1.202264e-14 8.833961e-01 2.196455e-01
1.230269e-14 8.902025e-01 2.175261e-01
1.258925e-14 8.970613e-01 2.154243e-01
1.288250e-14 9.039730e-01 2.133363e-01
1.318257e-14 9.109380e-01 2.112628e-01
1.348963e-14 9.179566e-01 2.092082e-01
1.380384e-14 9.250293e-01 2.071795e-01
1.412538e-14 9.321564e-01 2.051833e-01
1.445440e-14 9.393385e-01 2.032191e-01
1.479108e-14 9.465760e-01 2.012763e-01
1.513561e-14 9.538691e-01 1.993409e-01
1.548817e-14 9.612185e-01 1.974076e-01
1.584893e-14 9.686245e-01 1.954859e-01
1.621810e-14 9.760876e-01 1.935929e-01
1.659587e-14 9.836082e-01 1.917370e-01
1.698244e-14 9.911867e-01 1.899092e-01
1.737801e-14 9.988236e-01 1.880929e-01
1.778279e-14 1.006519e+00 1.862802e-01
1.819701e-14 1.014274e+00 1.844775e-01
1.862087e-14 1.022089e+00 1.826960e-01
1.905461e-14 1.029964e+00 1.809409e-01
1.949845e-14 1.037900e+00 1.792099e-01
1.995262e-14 1.045897e+00 1.775017e-01
2.041738e-14 1.053955e+00 1.758174e-01
2.089296e-14 1.062076e+00 1.741509e-01
2.137962e-14 1.070259e+00 1.724892e-01
2.187762e-14 1.078505e+00 1.708259e-01
2.238721e-14 1.086815e+00 1.691698e-01
2.290868e-14 1.095188e+00 1.675389e-01
2.344229e-14 1.103627e+00 1.659445e-01
2.398833e-14 1.112130e+00 1.643794e-01
2.454709e-14 1.120699e+00 1.628262e-01
2.511886e-14 1.129333e+00 1.612746e-01
2.570396e-14 1.138035e+00 1.597290e-01
2.630268e-14 1.146803e+00 1.582040e-01
2.691535e-14 1.155639e+00 1.567111e-01
2.754229e-14 1.164543e+00 1.552473e-01
2.818383e-14 1.173515e+00 1.537937e-01
2.884032e-14 1.182557e+00 1.523322e-01
2.951209e-14 1.191669e+00 1.508694e-01
3.019952e-14 1.200850e+00 1.494320e-01
3.090295e-14 1.210102e+00 1.480350e-01
3.162278e-14 1.219426e+00 1.466634e-01
3.235937e-14 1.228821e+00 1.452919e-01
3.311311e-14 1.238289e+00 1.439199e-01
3.388442e-14 1.247830e+00 1.425699e-01
3.467369e-14 1.257444e+00 1.412532e-01
3.548134e-14 1.267133e+00 1.399567e-01
3.630781e-14 1.276896e+00 1.386598e-01
3.715352e-14 1.286734e+00 1.373589e-01
3.801894e-14 1.296648e+00 1.360671e-01
3.890451e-14 1.306639e+00 1.347954e-01
3.981072e-14 1.316706e+00 1.335444e-01
4.073803e-14 1.326851e+00 1.323097e-01
4.168694e-14 1.337074e+00 1.310898e-01
4.265795e-14 1.347376e+00 1.298852e-01
4.365158e-14 1.357757e+00 1.286935e-01
4.466836e-14 1.368219e+00 1.275062e-01
4.570882e-14 1.378760e+00 1.263203e-01
4.677351e-14 1.389383e+00 1.251449e-01
4.786301e-14 1.400088e+00 1.239891e-01
4.897788e-14 1.410876e+00 1.228514e-01
5.011872e-14 1.421746e+00 1.217231e-01
5.128614e-14 1.432701e+00 1.206036e-01
5.248075e-14 1.443739e+00 1.194978e-01
5.370318e-14 1.454863e+00 1.184056e-01
5.495409e-14 1.466073e+00 1.173260e-01
5.623413e-14 1.477368e+00 1.162621e-01
5.754399e-14 1.488751e+00 1.152055e-01
5.888437e-14 1.500222e+00 1.141383e-01
6.025596e-14 1.511781e+00 1.130602e-01
6.165950e-14 1.523429e+00 1.120008e-01
6.309573e-14 1.535166e+00 1.109758e-01
6.456542e-14 1.546995e+00 1.099647e-01
6.606934e-14 1.558914e+00 1.089480e-01
6.760830e-14 1.570925e+00 1.079418e-01
6.918310e-14 1.583029e+00 1.069642e-01
7.079458e-14 1.595226e+00 1.060020e-01
7.244360e-14 1.607517e+00 1.050363e-01
7.413102e-14 1.619902e+00 1.040690e-01
7.585776e-14 1.632383e+00 1.031172e-01
7.762471e-14 1.644960e+00 1.021888e-01
7.943282e-14 1.657635e+00 1.012753e-01
8.128305e-14 1.670406e+00 1.003665e-01
8.317638e-14 1.683277e+00 9.946031e-02
8.511380e-14 1.696246e+00 9.856049e-02
8.709636e-14 1.709315e+00 9.767088e-02
8.912509e-14 1.722485e+00 9.679910e-02
9.120108e-14 1.735757e+00 9.593711e-02
9.332543e-14 1.749130e+00 9.507448e-02
9.549926e-14 1.762607e+00 9.421629e-02
9.772372e-14 1.776187e+00 9.337418e-02
1.000000e-13 1.789873e+00 9.254214e-02
1.023293e-13 1.803663e+00 9.170931e-02
1.047129e-13 1.817560e+00 9.088473e-02
1.071519e-13 1.831564e+00 9.007723e-02
1.096478e-13 1.845676e+00 8.927231e-02
1.122018e-13 1.859897e+00 8.846555e-02
1.148154e-13 1.874227e+00 8.767930e-02
1.174898e-13 1.888667e+00 8.692437e-02
1.202264e-13 1.903219e+00 8.617978e-02
1.230269e-13 1.917883e+00 8.541637e-02
1.258925e-13 1.932660e+00 8.463198e-02
1.288250e-13 1.947551e+00 8.384751e-02
1.318257e-13 1.962556e+00 8.307219e-02
1.348963e-13 1.977677e+00 8.231185e-02
1.380384e-13 1.992915e+00 8.156382e-02
1.412538e-13 2.008270e+00 8.083040e-02
1.445440e-13 2.023744e+00 8.011849e-02
1.479108e-13 2.039336e+00 7.941813e-02
1.513561e-13 2.055049e+00 7.870922e-02
1.548817e-13 2.070883e+00 7.800467e-02
1.584893e-13 2.086838e+00 7.731947e-02
1.621810e-13 2.102917e+00 7.664512e-02
1.659587e-13 2.119120e+00 7.597493e-02
1.698244e-13 2.135447e+00 7.531273e-02
1.737801e-13 2.151900e+00 7.466158e-02
1.778279e-13 2.168480e+00 7.401625e-02
1.819701e-13 2.185188e+00 7.336637e-02
1.862087e-13 2.202024e+00 7.272225e-02
1.905461e-13 2.218991e+00 7.209818e-02
1.949845e-13 2.236088e+00 7.147037e-02
1.995262e-13 2.253316e+00 7.081201e-02
2.041738e-13 2.270678e+00 7.016777e-02
2.089296e-13 2.288173e+00 6.956042e-02
2.137962e-13 2.305803e+00 6.897031e-02
2.187762e-13 2.323568e+00 6.841456e-02
2.238721e-13 2.341471e+00 6.788560e-02
2.290868e-13 2.359512e+00 6.728336e-02
2.344229e-13 2.377691e+00 6.664609e-02
2.398833e-13 2.396011e+00 6.603249e-02
2.454709e-13 2.414472e+00 6.544377e-02
2.511886e-13 2.433075e+00 6.485997e-02
2.570396e-13 2.451821e+00 6.428327e-02
2.630268e-13 2.470712e+00 6.371018e-02
2.691535e-13 2.489748e+00 6.313470e-02
2.754229e-13 2.508931e+00 6.257355e-02
2.818383e-13 2.528262e+00 6.203148e-02
2.884032e-13 2.547742e+00 6.149265e-02
2.951209e-13 2.567372e+00 6.095472e-02
3.019952e-13 2.587153e+00 6.043367e-02
3.090295e-13 2.607087e+00 5.993352e-02
3.162278e-13 2.627174e+00 5.944421e-02
3.235937e-13 2.647416e+00 5.894098e-02
3.311311e-13 2.667814e+00 5.840327e-02
3.388442e-13 2.688369e+00 5.787437e-02
3.467369e-13 2.709082e+00 5.736771e-02
3.548134e-13 2.729955e+00 5.688749e-02
3.630781e-13 2.750989e+00 5.643948e-02
3.715352e-13 2.772185e+00 5.597881e-02
3.801894e-13 2.793544e+00 5.545452e-02
3.890451e-13 2.815067e+00 5.496284e-02
3.981072e-13 2.836757e+00 5.448566e-02
4.073803e-13 2.858614e+00 5.401642e-02
4.168694e-13 2.880639e+00 5.356327e-02
4.265795e-13 2.902834e+00 5.311992e-02
4.365158e-13 2.925199e+00 5.267344e-02
4.466836e-13 2.947737e+00 5.221858e-02
4.570882e-13 2.970449e+00 5.175861e-02
4.677351e-13 2.993336e+00 5.129273e-02
4.786301e-13 3.016399e+00 5.083066e-02
4.897788e-13 3.039640e+00 5.040402e-02
5.011872e-13 3.063060e+00 4.999557e-02
5.128614e-13 3.086660e+00 4.954868e-02
5.248075e-13 3.110442e+00 4.909973e-02
5.370318e-13 3.134408e+00 4.867583e-02
5.495409e-13 3.158558e+00 4.826100e-02
5.623413e-13 3.182894e+00 4.786704e-02
5.754399e-13 3.207417e+00 4.745212e-02
5.888437e-13 3.232130e+00 4.704427e-02
6.025596e-13 3.257033e+00 4.664910e-02
6.165950e-13 3.282128e+00 4.625726e-02
6.309573e-13 3.307416e+00 4.586147e-02
6.456542e-13 3.332899e+00 4.547120e-02
6.606934e-13 3.358578e+00 4.508146e-02
6.760830e-13 3.384455e+00 4.469272e-02
6.918310e-13 3.410532e+00 4.431003e-02
7.079458e-13 3.436810e+00 4.393677e-02
7.244360e-13 3.463290e+00 4.358078e-02
7.413102e-13 3.489974e+00 4.324838e-02
7.585776e-13 3.516863e+00 4.286716e-02
7.762471e-13 3.543960e+00 4.248466e-02
7.943282e-13 3.571265e+00 4.212560e-02
8.128305e-13 3.598781e+00 4.176915e-02
8.317638e-13 3.626509e+00 4.139584e-02
8.511380e-13 3.654451e+00 4.103319e-02
8.709636e-13 3.682608e+00 4.067961e-02
8.912509e-13 3.710982e+00 4.033359e-02
9.120108e-13 3.739574e+00 3.999536e-02
9.332543e-13 3.768387e+00 3.965821e-02
9.549926e-13 3.797421e+00 3.932670e-02
9.772372e-13 3.826680e+00 3.900317e-02
1.000000e-12 3.856164e+00 3.868244e-02
    Mass        Radius     Beta ratio