1.000000e-19 1.789873e-02 1.295856e+00
1.023293e-19 1.803663e-02 1.296584e+00
1.047129e-19 1.817560e-02 1.297323e+00
1.071519e-19 1.831564e-02 1.298075e+00
1.096478e-19 1.845676e-02 1.298839e+00
1.122018e-19 1.859897e-02 1.299616e+00
1.148154e-19 1.874227e-02 1.300407e+00
1.174898e-19 1.888667e-02 1.301210e+00
1.202264e-19 1.903219e-02 1.302027e+00
1.230269e-19 1.917883e-02 1.302857e+00
1.258925e-19 1.932660e-02 1.303701e+00
1.288250e-19 1.947551e-02 1.304560e+00
1.318257e-19 1.962556e-02 1.305433e+00
1.348963e-19 1.977677e-02 1.306320e+00
1.380384e-19 1.992915e-02 1.307222e+00
1.412538e-19 2.008270e-02 1.308139e+00
1.445440e-19 2.023744e-02 1.309072e+00
1.479108e-19 2.039336e-02 1.310020e+00
1.513561e-19 2.055049e-02 1.310984e+00
1.548817e-19 2.070883e-02 1.311964e+00
1.584893e-19 2.086838e-02 1.312960e+00
1.621810e-19 2.102917e-02 1.313973e+00
1.659587e-19 2.119120e-02 1.315003e+00
1.698244e-19 2.135447e-02 1.316050e+00
1.737801e-19 2.151900e-02 1.317115e+00
1.778279e-19 2.168480e-02 1.318197e+00
1.819701e-19 2.185188e-02 1.319298e+00
1.862087e-19 2.202024e-02 1.320417e+00
1.905461e-19 2.218991e-02 1.321554e+00
1.949845e-19 2.236088e-02 1.322710e+00
1.995262e-19 2.253316e-02 1.323886e+00
2.041738e-19 2.270678e-02 1.325081e+00
2.089296e-19 2.288173e-02 1.326296e+00
2.137962e-19 2.305803e-02 1.327531e+00
2.187762e-19 2.323568e-02 1.328787e+00
2.238721e-19 2.341471e-02 1.330063e+00
2.290868e-19 2.359512e-02 1.331361e+00
2.344229e-19 2.377691e-02 1.332680e+00
2.398833e-19 2.396011e-02 1.334022e+00
2.454709e-19 2.414472e-02 1.335385e+00
2.511886e-19 2.433075e-02 1.336771e+00
2.570396e-19 2.451821e-02 1.338180e+00
2.630268e-19 2.470712e-02 1.339612e+00
2.691535e-19 2.489748e-02 1.341068e+00
2.754229e-19 2.508931e-02 1.342548e+00
2.818383e-19 2.528262e-02 1.344053e+00
2.884032e-19 2.547742e-02 1.345582e+00
2.951209e-19 2.567372e-02 1.347136e+00
3.019952e-19 2.587153e-02 1.348716e+00
3.090295e-19 2.607087e-02 1.350322e+00
3.162278e-19 2.627174e-02 1.351954e+00
3.235937e-19 2.647416e-02 1.353613e+00
3.311311e-19 2.667814e-02 1.355300e+00
3.388442e-19 2.688369e-02 1.357013e+00
3.467369e-19 2.709082e-02 1.358755e+00
3.548134e-19 2.729955e-02 1.360526e+00
3.630781e-19 2.750989e-02 1.362325e+00
3.715352e-19 2.772185e-02 1.364153e+00
3.801894e-19 2.793544e-02 1.366011e+00
3.890451e-19 2.815067e-02 1.367899e+00
3.981072e-19 2.836757e-02 1.369818e+00
4.073803e-19 2.858614e-02 1.371768e+00
4.168694e-19 2.880639e-02 1.373749e+00
4.265795e-19 2.902834e-02 1.375762e+00
4.365158e-19 2.925199e-02 1.377808e+00
4.466836e-19 2.947737e-02 1.379886e+00
4.570882e-19 2.970449e-02 1.381997e+00
4.677351e-19 2.993336e-02 1.384143e+00
4.786301e-19 3.016399e-02 1.386322e+00
4.897788e-19 3.039640e-02 1.388536e+00
5.011872e-19 3.063060e-02 1.390785e+00
5.128614e-19 3.086660e-02 1.393070e+00
5.248075e-19 3.110442e-02 1.395391e+00
5.370318e-19 3.134408e-02 1.397748e+00
5.495409e-19 3.158558e-02 1.400142e+00
5.623413e-19 3.182894e-02 1.402573e+00
5.754399e-19 3.207417e-02 1.405043e+00
5.888437e-19 3.232130e-02 1.407551e+00
6.025596e-19 3.257033e-02 1.410097e+00
6.165950e-19 3.282128e-02 1.412683e+00
6.309573e-19 3.307416e-02 1.415308e+00
6.456542e-19 3.332899e-02 1.417974e+00
6.606934e-19 3.358578e-02 1.420680e+00
6.760830e-19 3.384455e-02 1.423428e+00
6.918310e-19 3.410532e-02 1.426216e+00
7.079458e-19 3.436810e-02 1.429047e+00
7.244360e-19 3.463290e-02 1.431920e+00
7.413102e-19 3.489974e-02 1.434836e+00
7.585776e-19 3.516863e-02 1.437795e+00
7.762471e-19 3.543960e-02 1.440798e+00
7.943282e-19 3.571265e-02 1.443916e+00
8.128305e-19 3.598781e-02 1.447008e+00
8.317638e-19 3.626509e-02 1.450144e+00
8.511380e-19 3.654451e-02 1.453326e+00
8.709636e-19 3.682608e-02 1.456481e+00
8.912509e-19 3.710982e-02 1.459754e+00
9.120108e-19 3.739574e-02 1.463073e+00
9.332543e-19 3.768387e-02 1.466439e+00
9.549926e-19 3.797421e-02 1.469852e+00
9.772372e-19 3.826680e-02 1.473313e+00
1.000000e-18 3.856164e-02 1.476821e+00
1.023293e-18 3.885875e-02 1.480376e+00
1.047129e-18 3.915815e-02 1.483981e+00
1.071519e-18 3.945985e-02 1.487633e+00
1.096478e-18 3.976388e-02 1.491334e+00
1.122018e-18 4.007026e-02 1.495085e+00
1.148154e-18 4.037899e-02 1.498884e+00
1.174898e-18 4.069010e-02 1.502732e+00
1.202264e-18 4.100361e-02 1.506630e+00
1.230269e-18 4.131954e-02 1.510578e+00
1.258925e-18 4.163790e-02 1.514575e+00
1.288250e-18 4.195871e-02 1.518623e+00
1.318257e-18 4.228199e-02 1.522720e+00
1.348963e-18 4.260777e-02 1.526867e+00
1.380384e-18 4.293605e-02 1.531063e+00
1.412538e-18 4.326687e-02 1.535310e+00
1.445440e-18 4.360023e-02 1.539607e+00
1.479108e-18 4.393616e-02 1.543953e+00
1.513561e-18 4.427468e-02 1.548349e+00
1.548817e-18 4.461581e-02 1.552795e+00
1.584893e-18 4.495957e-02 1.557289e+00
1.621810e-18 4.530597e-02 1.561833e+00
1.659587e-18 4.565505e-02 1.566425e+00
1.698244e-18 4.600681e-02 1.571066e+00
1.737801e-18 4.636129e-02 1.575755e+00
1.778279e-18 4.671849e-02 1.580492e+00
1.819701e-18 4.707845e-02 1.585275e+00
1.862087e-18 4.744118e-02 1.590105e+00
1.905461e-18 4.780670e-02 1.594982e+00
1.949845e-18 4.817505e-02 1.599903e+00
1.995262e-18 4.854623e-02 1.604869e+00
2.041738e-18 4.892026e-02 1.609880e+00
2.089296e-18 4.929719e-02 1.614933e+00
2.137962e-18 4.967701e-02 1.620028e+00
2.187762e-18 5.005976e-02 1.625165e+00
2.238721e-18 5.044547e-02 1.630341e+00
2.290868e-18 5.083414e-02 1.635557e+00
2.344229e-18 5.122581e-02 1.640811e+00
2.398833e-18 5.162049e-02 1.646101e+00
2.454709e-18 5.201822e-02 1.651426e+00
2.511886e-18 5.241901e-02 1.656786e+00
2.570396e-18 5.282289e-02 1.662177e+00
2.630268e-18 5.322988e-02 1.667600e+00
2.691535e-18 5.364000e-02 1.673052e+00
2.754229e-18 5.405329e-02 1.678531e+00
2.818383e-18 5.446976e-02 1.684036e+00
2.884032e-18 5.488944e-02 1.689564e+00
2.951209e-18 5.531235e-02 1.695114e+00
3.019952e-18 5.573852e-02 1.700684e+00
3.090295e-18 5.616798e-02 1.706271e+00
3.162278e-18 5.660074e-02 1.711873e+00
3.235937e-18 5.703684e-02 1.717489e+00
3.311311e-18 5.747630e-02 1.723114e+00
3.388442e-18 5.791914e-02 1.728747e+00
3.467369e-18 5.836540e-02 1.734386e+00
3.548134e-18 5.881509e-02 1.740027e+00
3.630781e-18 5.926825e-02 1.745667e+00
3.715352e-18 5.972490e-02 1.751305e+00
3.801894e-18 6.018507e-02 1.756936e+00
3.890451e-18 6.064879e-02 1.762558e+00
3.981072e-18 6.111608e-02 1.768168e+00
4.073803e-18 6.158696e-02 1.773762e+00
4.168694e-18 6.206148e-02 1.779337e+00
4.265795e-18 6.253965e-02 1.784890e+00
4.365158e-18 6.302151e-02 1.790417e+00
4.466836e-18 6.350708e-02 1.795915e+00
4.570882e-18 6.399639e-02 1.801380e+00
4.677351e-18 6.448947e-02 1.806809e+00
4.786301e-18 6.498635e-02 1.812197e+00
4.897788e-18 6.548706e-02 1.817542e+00
5.011872e-18 6.599162e-02 1.822839e+00
5.128614e-18 6.650007e-02 1.828085e+00
5.248075e-18 6.701245e-02 1.833275e+00
5.370318e-18 6.752876e-02 1.838407e+00
5.495409e-18 6.804906e-02 1.843475e+00
5.623413e-18 6.857337e-02 1.848477e+00
5.754399e-18 6.910171e-02 1.853408e+00
5.888437e-18 6.963413e-02 1.858265e+00
6.025596e-18 7.017064e-02 1.863043e+00
6.165950e-18 7.071130e-02 1.867739e+00
6.309573e-18 7.125611e-02 1.872350e+00
6.456542e-18 7.180513e-02 1.876872e+00
6.606934e-18 7.235837e-02 1.881300e+00
6.760830e-18 7.291588e-02 1.885633e+00
6.918310e-18 7.347769e-02 1.889974e+00
7.079458e-18 7.404382e-02 1.894104e+00
7.244360e-18 7.461431e-02 1.898018e+00
7.413102e-18 7.518920e-02 1.901933e+00
7.585776e-18 7.576852e-02 1.905735e+00
7.762471e-18 7.635230e-02 1.909422e+00
7.943282e-18 7.694058e-02 1.912991e+00
8.128305e-18 7.753339e-02 1.916440e+00
8.317638e-18 7.813078e-02 1.919766e+00
8.511380e-18 7.873276e-02 1.922967e+00
8.709636e-18 7.933938e-02 1.926041e+00
8.912509e-18 7.995067e-02 1.928985e+00
9.120108e-18 8.056668e-02 1.931798e+00
9.332543e-18 8.118743e-02 1.934477e+00
9.549926e-18 8.181297e-02 1.937022e+00
9.772372e-18 8.244332e-02 1.939430e+00
1.000000e-17 8.307853e-02 1.941699e+00
1.023293e-17 8.371863e-02 1.943829e+00
1.047129e-17 8.436367e-02 1.945818e+00
1.071519e-17 8.501368e-02 1.947664e+00
1.096478e-17 8.566869e-02 1.949366e+00
1.122018e-17 8.632875e-02 1.950923e+00
1.148154e-17 8.699390e-02 1.952334e+00
1.174898e-17 8.766417e-02 1.953597e+00
1.202264e-17 8.833961e-02 1.954711e+00
1.230269e-17 8.902025e-02 1.955675e+00
1.258925e-17 8.970613e-02 1.956488e+00
1.288250e-17 9.039730e-02 1.957149e+00
1.318257e-17 9.109380e-02 1.957656e+00
1.348963e-17 9.179566e-02 1.958007e+00
1.380384e-17 9.250293e-02 1.958203e+00
1.412538e-17 9.321564e-02 1.958241e+00
1.445440e-17 9.393385e-02 1.958119e+00
1.479108e-17 9.465760e-02 1.957838e+00
1.513561e-17 9.538691e-02 1.957395e+00
1.548817e-17 9.612185e-02 1.956788e+00
1.584893e-17 9.686245e-02 1.956017e+00
1.621810e-17 9.760876e-02 1.955079e+00
1.659587e-17 9.836082e-02 1.953974e+00
1.698244e-17 9.911867e-02 1.952700e+00
1.737801e-17 9.988236e-02 1.951255e+00
1.778279e-17 1.006519e-01 1.949638e+00
1.819701e-17 1.014274e-01 1.947848e+00
1.862087e-17 1.022089e-01 1.945882e+00
1.905461e-17 1.029964e-01 1.943740e+00
1.949845e-17 1.037900e-01 1.941420e+00
1.995262e-17 1.045897e-01 1.938922e+00
2.041738e-17 1.053955e-01 1.936244e+00
2.089296e-17 1.062076e-01 1.933386e+00
2.137962e-17 1.070259e-01 1.930345e+00
2.187762e-17 1.078505e-01 1.927123e+00
2.238721e-17 1.086815e-01 1.923719e+00
2.290868e-17 1.095188e-01 1.920132e+00
2.344229e-17 1.103627e-01 1.916362e+00
2.398833e-17 1.112130e-01 1.912410e+00
2.454709e-17 1.120699e-01 1.908277e+00
2.511886e-17 1.129333e-01 1.903963e+00
2.570396e-17 1.138035e-01 1.899469e+00
2.630268e-17 1.146803e-01 1.894798e+00
2.691535e-17 1.155639e-01 1.889952e+00
2.754229e-17 1.164543e-01 1.884932e+00
2.818383e-17 1.173515e-01 1.879743e+00
2.884032e-17 1.182557e-01 1.874386e+00
2.951209e-17 1.191669e-01 1.868867e+00
3.019952e-17 1.200850e-01 1.863189e+00
3.090295e-17 1.210102e-01 1.857356e+00
3.162278e-17 1.219426e-01 1.851374e+00
3.235937e-17 1.228821e-01 1.845246e+00
3.311311e-17 1.238289e-01 1.838980e+00
3.388442e-17 1.247830e-01 1.832579e+00
3.467369e-17 1.257444e-01 1.826051e+00
3.548134e-17 1.267133e-01 1.819400e+00
3.630781e-17 1.276896e-01 1.812632e+00
3.715352e-17 1.286734e-01 1.805754e+00
3.801894e-17 1.296648e-01 1.798769e+00
3.890451e-17 1.306639e-01 1.791685e+00
3.981072e-17 1.316706e-01 1.784506e+00
4.073803e-17 1.326851e-01 1.777235e+00
4.168694e-17 1.337074e-01 1.769879e+00
4.265795e-17 1.347376e-01 1.762441e+00
4.365158e-17 1.357757e-01 1.754925e+00
4.466836e-17 1.368219e-01 1.747334e+00
4.570882e-17 1.378760e-01 1.739672e+00
4.677351e-17 1.389383e-01 1.731939e+00
4.786301e-17 1.400088e-01 1.724140e+00
4.897788e-17 1.410876e-01 1.716274e+00
5.011872e-17 1.421746e-01 1.708343e+00
5.128614e-17 1.432701e-01 1.700348e+00
5.248075e-17 1.443739e-01 1.692289e+00
5.370318e-17 1.454863e-01 1.684167e+00
5.495409e-17 1.466073e-01 1.675981e+00
5.623413e-17 1.477368e-01 1.667732e+00
5.754399e-17 1.488751e-01 1.659420e+00
5.888437e-17 1.500222e-01 1.651045e+00
6.025596e-17 1.511781e-01 1.642606e+00
6.165950e-17 1.523429e-01 1.634104e+00
6.309573e-17 1.535166e-01 1.625538e+00
6.456542e-17 1.546995e-01 1.616909e+00
6.606934e-17 1.558914e-01 1.608215e+00
6.760830e-17 1.570925e-01 1.599458e+00
6.918310e-17 1.583029e-01 1.590638e+00
7.079458e-17 1.595226e-01 1.581757e+00
7.244360e-17 1.607517e-01 1.572815e+00
7.413102e-17 1.619902e-01 1.563813e+00
7.585776e-17 1.632383e-01 1.554751e+00
7.762471e-17 1.644960e-01 1.545629e+00
7.943282e-17 1.657635e-01 1.536467e+00
8.128305e-17 1.670406e-01 1.527237e+00
8.317638e-17 1.683277e-01 1.517947e+00
8.511380e-17 1.696246e-01 1.508624e+00
8.709636e-17 1.709315e-01 1.499267e+00
8.912509e-17 1.722485e-01 1.489839e+00
9.120108e-17 1.735757e-01 1.480364e+00
9.332543e-17 1.749130e-01 1.470948e+00
9.549926e-17 1.762607e-01 1.461331e+00
9.772372e-17 1.776187e-01 1.451898e+00
1.000000e-16 1.789873e-01 1.442243e+00
1.023293e-16 1.803663e-01 1.432691e+00
1.047129e-16 1.817560e-01 1.422907e+00
1.071519e-16 1.831564e-01 1.413553e+00
1.096478e-16 1.845676e-01 1.403989e+00
1.122018e-16 1.859897e-01 1.394501e+00
1.148154e-16 1.874227e-01 1.384621e+00
1.174898e-16 1.888667e-01 1.374385e+00
1.202264e-16 1.903219e-01 1.365101e+00
1.230269e-16 1.917883e-01 1.356061e+00
1.258925e-16 1.932660e-01 1.344205e+00
1.288250e-16 1.947551e-01 1.336859e+00
1.318257e-16 1.962556e-01 1.329557e+00
1.348963e-16 1.977677e-01 1.317440e+00
1.380384e-16 1.992915e-01 1.308048e+00
1.412538e-16 2.008270e-01 1.297424e+00
1.445440e-16 2.023744e-01 1.287950e+00
1.479108e-16 2.039336e-01 1.277992e+00
1.513561e-16 2.055049e-01 1.268901e+00
1.548817e-16 2.070883e-01 1.258838e+00
1.584893e-16 2.086838e-01 1.249325e+00
1.621810e-16 2.102917e-01 1.238908e+00
1.659587e-16 2.119120e-01 1.230077e+00
1.698244e-16 2.135447e-01 1.220344e+00
1.737801e-16 2.151900e-01 1.210970e+00
1.778279e-16 2.168480e-01 1.201614e+00
1.819701e-16 2.185188e-01 1.191898e+00
1.862087e-16 2.202024e-01 1.182356e+00
1.905461e-16 2.218991e-01 1.172618e+00
1.949845e-16 2.236088e-01 1.162740e+00
1.995262e-16 2.253316e-01 1.153639e+00
2.041738e-16 2.270678e-01 1.144978e+00
2.089296e-16 2.288173e-01 1.134771e+00
2.137962e-16 2.305803e-01 1.125838e+00
2.187762e-16 2.323568e-01 1.116010e+00
2.238721e-16 2.341471e-01 1.106610e+00
2.290868e-16 2.359512e-01 1.097236e+00
2.344229e-16 2.377691e-01 1.088658e+00
2.398833e-16 2.396011e-01 1.076759e+00
2.454709e-16 2.414472e-01 1.070456e+00
2.511886e-16 2.433075e-01 1.060779e+00
2.570396e-16 2.451821e-01 1.051483e+00
2.630268e-16 2.470712e-01 1.042079e+00
2.691535e-16 2.489748e-01 1.033811e+00
2.754229e-16 2.508931e-01 1.024458e+00
2.818383e-16 2.528262e-01 1.016032e+00
2.884032e-16 2.547742e-01 1.006455e+00
2.951209e-16 2.567372e-01 1.004240e+00
3.019952e-16 2.587153e-01 9.880706e-01
3.090295e-16 2.607087e-01 9.804240e-01
3.162278e-16 2.627174e-01 9.696441e-01
3.235937e-16 2.647416e-01 9.623643e-01
3.311311e-16 2.667814e-01 9.548526e-01
3.388442e-16 2.688369e-01 9.441726e-01
3.467369e-16 2.709082e-01 9.351194e-01
3.548134e-16 2.729955e-01 9.281979e-01
3.630781e-16 2.750989e-01 9.178764e-01
3.715352e-16 2.772185e-01 9.118716e-01
3.801894e-16 2.793544e-01 9.025134e-01
3.890451e-16 2.815067e-01 8.947178e-01
3.981072e-16 2.836757e-01 8.864468e-01
4.073803e-16 2.858614e-01 8.780178e-01
4.168694e-16 2.880639e-01 8.702177e-01
4.265795e-16 2.902834e-01 8.616939e-01
4.365158e-16 2.925199e-01 8.533821e-01
4.466836e-16 2.947737e-01 8.451189e-01
4.570882e-16 2.970449e-01 8.394006e-01
4.677351e-16 2.993336e-01 8.310107e-01
4.786301e-16 3.016399e-01 8.221015e-01
4.897788e-16 3.039640e-01 8.141987e-01
5.011872e-16 3.063060e-01 8.071137e-01
5.128614e-16 3.086660e-01 8.003418e-01
5.248075e-16 3.110442e-01 7.930382e-01
5.370318e-16 3.134408e-01 7.843336e-01
5.495409e-16 3.158558e-01 7.769061e-01
5.623413e-16 3.182894e-01 7.691037e-01
5.754399e-16 3.207417e-01 7.623076e-01
5.888437e-16 3.232130e-01 7.533123e-01
6.025596e-16 3.257033e-01 7.486945e-01
6.165950e-16 3.282128e-01 7.403809e-01
6.309573e-16 3.307416e-01 7.327569e-01
6.456542e-16 3.332899e-01 7.243237e-01
6.606934e-16 3.358578e-01 7.188285e-01
6.760830e-16 3.384455e-01 7.113393e-01
6.918310e-16 3.410532e-01 7.035651e-01
7.079458e-16 3.436810e-01 6.977047e-01
7.244360e-16 3.463290e-01 6.891035e-01
7.413102e-16 3.489974e-01 6.850647e-01
7.585776e-16 3.516863e-01 6.764748e-01
7.762471e-16 3.543960e-01 6.712072e-01
7.943282e-16 3.571265e-01 6.649860e-01
8.128305e-16 3.598781e-01 6.591565e-01
8.317638e-16 3.626509e-01 6.520428e-01
8.511380e-16 3.654451e-01 6.466242e-01
8.709636e-16 3.682608e-01 6.387912e-01
8.912509e-16 3.710982e-01 6.335416e-01
9.120108e-16 3.739574e-01 6.288448e-01
9.332543e-16 3.768387e-01 6.201287e-01
9.549926e-16 3.797421e-01 6.140880e-01
9.772372e-16 3.826680e-01 6.071062e-01
1.000000e-15 3.856164e-01 6.041739e-01
1.023293e-15 3.885875e-01 5.959592e-01
1.047129e-15 3.915815e-01 5.871530e-01
1.071519e-15 3.945985e-01 5.847826e-01
1.096478e-15 3.976388e-01 5.814565e-01
1.122018e-15 4.007026e-01 5.773332e-01
1.148154e-15 4.037899e-01 5.632807e-01
1.174898e-15 4.069010e-01 5.643568e-01
1.202264e-15 4.100361e-01 5.638163e-01
1.230269e-15 4.131954e-01 5.531969e-01
1.258925e-15 4.163790e-01 5.460745e-01
1.288250e-15 4.195871e-01 5.411785e-01
1.318257e-15 4.228199e-01 5.394546e-01
1.348963e-15 4.260777e-01 5.376218e-01
1.380384e-15 4.293605e-01 5.285714e-01
1.412538e-15 4.326687e-01 5.191453e-01
1.445440e-15 4.360023e-01 5.169261e-01
1.479108e-15 4.393616e-01 5.114772e-01
1.513561e-15 4.427468e-01 5.062730e-01
1.548817e-15 4.461581e-01 5.018562e-01
1.584893e-15 4.495957e-01 4.994443e-01
1.621810e-15 4.530597e-01 4.922763e-01
1.659587e-15 4.565505e-01 4.834038e-01
1.698244e-15 4.600681e-01 4.832803e-01
1.737801e-15 4.636129e-01 4.765565e-01
1.778279e-15 4.671849e-01 4.707299e-01
1.819701e-15 4.707845e-01 4.681809e-01
1.862087e-15 4.744118e-01 4.638627e-01
    Mass        Radius     Beta ratio