1.000000e-19 2.110351e-02 5.957444e-01
1.023293e-19 2.126611e-02 5.966878e-01
1.047129e-19 2.142996e-02 5.976485e-01
1.071519e-19 2.159507e-02 5.986268e-01
1.096478e-19 2.176146e-02 5.996231e-01
1.122018e-19 2.192913e-02 6.006375e-01
1.148154e-19 2.209808e-02 6.016706e-01
1.174898e-19 2.226835e-02 6.027225e-01
1.202264e-19 2.243992e-02 6.037937e-01
1.230269e-19 2.261282e-02 6.048845e-01
1.258925e-19 2.278704e-02 6.059952e-01
1.288250e-19 2.296261e-02 6.071261e-01
1.318257e-19 2.313954e-02 6.082778e-01
1.348963e-19 2.331782e-02 6.094504e-01
1.380384e-19 2.349748e-02 6.106445e-01
1.412538e-19 2.367852e-02 6.118603e-01
1.445440e-19 2.386096e-02 6.130982e-01
1.479108e-19 2.404481e-02 6.143587e-01
1.513561e-19 2.423007e-02 6.156421e-01
1.548817e-19 2.441676e-02 6.169489e-01
1.584893e-19 2.460488e-02 6.182793e-01
1.621810e-19 2.479446e-02 6.196339e-01
1.659587e-19 2.498550e-02 6.210131e-01
1.698244e-19 2.517800e-02 6.224172e-01
1.737801e-19 2.537200e-02 6.238467e-01
1.778279e-19 2.556748e-02 6.253021e-01
1.819701e-19 2.576448e-02 6.267837e-01
1.862087e-19 2.596299e-02 6.282921e-01
1.905461e-19 2.616303e-02 6.298276e-01
1.949845e-19 2.636461e-02 6.313907e-01
1.995262e-19 2.656774e-02 6.329819e-01
2.041738e-19 2.677244e-02 6.346016e-01
2.089296e-19 2.697872e-02 6.362504e-01
2.137962e-19 2.718658e-02 6.379286e-01
2.187762e-19 2.739605e-02 6.396368e-01
2.238721e-19 2.760713e-02 6.413755e-01
2.290868e-19 2.781984e-02 6.431451e-01
2.344229e-19 2.803419e-02 6.449462e-01
2.398833e-19 2.825019e-02 6.467792e-01
2.454709e-19 2.846785e-02 6.486446e-01
2.511886e-19 2.868719e-02 6.505430e-01
2.570396e-19 2.890822e-02 6.524748e-01
2.630268e-19 2.913095e-02 6.544407e-01
2.691535e-19 2.935540e-02 6.564411e-01
2.754229e-19 2.958158e-02 6.584765e-01
2.818383e-19 2.980950e-02 6.605474e-01
2.884032e-19 3.003917e-02 6.626545e-01
2.951209e-19 3.027062e-02 6.647982e-01
3.019952e-19 3.050385e-02 6.669791e-01
3.090295e-19 3.073888e-02 6.691977e-01
3.162278e-19 3.097571e-02 6.714546e-01
3.235937e-19 3.121437e-02 6.737503e-01
3.311311e-19 3.145488e-02 6.760854e-01
3.388442e-19 3.169723e-02 6.784604e-01
3.467369e-19 3.194145e-02 6.808759e-01
3.548134e-19 3.218755e-02 6.833325e-01
3.630781e-19 3.243555e-02 6.858306e-01
3.715352e-19 3.268546e-02 6.883709e-01
3.801894e-19 3.293730e-02 6.909539e-01
3.890451e-19 3.319107e-02 6.935801e-01
3.981072e-19 3.344681e-02 6.962502e-01
4.073803e-19 3.370451e-02 6.989647e-01
4.168694e-19 3.396419e-02 7.017242e-01
4.265795e-19 3.422588e-02 7.045291e-01
4.365158e-19 3.448959e-02 7.073801e-01
4.466836e-19 3.475532e-02 7.102777e-01
4.570882e-19 3.502310e-02 7.132225e-01
4.677351e-19 3.529295e-02 7.162150e-01
4.786301e-19 3.556488e-02 7.192557e-01
4.897788e-19 3.583890e-02 7.223452e-01
5.011872e-19 3.611503e-02 7.254840e-01
5.128614e-19 3.639329e-02 7.286727e-01
5.248075e-19 3.667369e-02 7.319117e-01
5.370318e-19 3.695626e-02 7.352017e-01
5.495409e-19 3.724100e-02 7.385430e-01
5.623413e-19 3.752793e-02 7.419362e-01
5.754399e-19 3.781708e-02 7.453818e-01
5.888437e-19 3.810845e-02 7.488803e-01
6.025596e-19 3.840207e-02 7.524321e-01
6.165950e-19 3.869795e-02 7.560377e-01
6.309573e-19 3.899611e-02 7.596976e-01
6.456542e-19 3.929657e-02 7.634123e-01
6.606934e-19 3.959934e-02 7.671820e-01
6.760830e-19 3.990445e-02 7.710073e-01
6.918310e-19 4.021190e-02 7.748886e-01
7.079458e-19 4.052173e-02 7.788263e-01
7.244360e-19 4.083394e-02 7.828206e-01
7.413102e-19 4.114856e-02 7.868721e-01
7.585776e-19 4.146560e-02 7.909810e-01
7.762471e-19 4.178509e-02 7.951477e-01
7.943282e-19 4.210703e-02 7.993724e-01
8.128305e-19 4.243146e-02 8.036555e-01
8.317638e-19 4.275839e-02 8.079972e-01
8.511380e-19 4.308783e-02 8.123978e-01
8.709636e-19 4.341982e-02 8.168575e-01
8.912509e-19 4.375436e-02 8.213765e-01
9.120108e-19 4.409148e-02 8.259550e-01
9.332543e-19 4.443119e-02 8.305932e-01
9.549926e-19 4.477353e-02 8.352911e-01
9.772372e-19 4.511850e-02 8.400490e-01
1.000000e-18 4.546613e-02 8.448669e-01
1.023293e-18 4.581644e-02 8.497448e-01
1.047129e-18 4.616944e-02 8.546828e-01
1.071519e-18 4.652517e-02 8.596810e-01
1.096478e-18 4.688364e-02 8.647392e-01
1.122018e-18 4.724487e-02 8.698574e-01
1.148154e-18 4.760888e-02 8.750356e-01
1.174898e-18 4.797570e-02 8.802736e-01
1.202264e-18 4.834534e-02 8.855714e-01
1.230269e-18 4.871783e-02 8.909287e-01
1.258925e-18 4.909320e-02 8.963453e-01
1.288250e-18 4.947145e-02 9.018211e-01
1.318257e-18 4.985262e-02 9.073558e-01
1.348963e-18 5.023672e-02 9.129491e-01
1.380384e-18 5.062379e-02 9.186006e-01
1.412538e-18 5.101383e-02 9.243101e-01
1.445440e-18 5.140689e-02 9.300772e-01
1.479108e-18 5.180297e-02 9.359014e-01
1.513561e-18 5.220210e-02 9.417823e-01
1.548817e-18 5.260431e-02 9.477194e-01
1.584893e-18 5.300961e-02 9.537123e-01
1.621810e-18 5.341804e-02 9.597605e-01
1.659587e-18 5.382962e-02 9.658633e-01
1.698244e-18 5.424437e-02 9.720201e-01
1.737801e-18 5.466231e-02 9.782305e-01
1.778279e-18 5.508347e-02 9.844936e-01
1.819701e-18 5.550788e-02 9.908088e-01
1.862087e-18 5.593556e-02 9.971755e-01
1.905461e-18 5.636653e-02 1.003593e+00
1.949845e-18 5.680082e-02 1.010060e+00
1.995262e-18 5.723846e-02 1.016576e+00
2.041738e-18 5.767948e-02 1.023141e+00
2.089296e-18 5.812389e-02 1.029753e+00
2.137962e-18 5.857172e-02 1.036411e+00
2.187762e-18 5.902300e-02 1.043115e+00
2.238721e-18 5.947776e-02 1.049863e+00
2.290868e-18 5.993603e-02 1.056655e+00
2.344229e-18 6.039783e-02 1.063489e+00
2.398833e-18 6.086318e-02 1.070365e+00
2.454709e-18 6.133212e-02 1.077280e+00
2.511886e-18 6.180467e-02 1.084235e+00
2.570396e-18 6.228087e-02 1.091227e+00
2.630268e-18 6.276073e-02 1.098256e+00
2.691535e-18 6.324429e-02 1.105320e+00
2.754229e-18 6.373157e-02 1.112418e+00
2.818383e-18 6.422261e-02 1.119548e+00
2.884032e-18 6.471744e-02 1.126709e+00
2.951209e-18 6.521607e-02 1.133900e+00
3.019952e-18 6.571855e-02 1.141118e+00
3.090295e-18 6.622490e-02 1.148362e+00
3.162278e-18 6.673515e-02 1.155631e+00
3.235937e-18 6.724933e-02 1.162922e+00
3.311311e-18 6.776748e-02 1.170235e+00
3.388442e-18 6.828961e-02 1.177567e+00
3.467369e-18 6.881577e-02 1.184916e+00
3.548134e-18 6.934598e-02 1.192280e+00
3.630781e-18 6.988028e-02 1.199658e+00
3.715352e-18 7.041869e-02 1.207047e+00
3.801894e-18 7.096126e-02 1.214445e+00
3.890451e-18 7.150800e-02 1.221851e+00
3.981072e-18 7.205896e-02 1.229263e+00
4.073803e-18 7.261416e-02 1.236677e+00
4.168694e-18 7.317364e-02 1.244092e+00
4.265795e-18 7.373743e-02 1.251507e+00
4.365158e-18 7.430556e-02 1.258918e+00
4.466836e-18 7.487807e-02 1.266324e+00
4.570882e-18 7.545499e-02 1.273722e+00
4.677351e-18 7.603636e-02 1.281111e+00
4.786301e-18 7.662220e-02 1.288489e+00
4.897788e-18 7.721256e-02 1.295852e+00
5.011872e-18 7.780747e-02 1.303200e+00
5.128614e-18 7.840696e-02 1.310529e+00
5.248075e-18 7.901108e-02 1.317839e+00
5.370318e-18 7.961984e-02 1.325127e+00
5.495409e-18 8.023330e-02 1.332392e+00
5.623413e-18 8.085148e-02 1.339630e+00
5.754399e-18 8.147443e-02 1.346841e+00
5.888437e-18 8.210217e-02 1.354023e+00
6.025596e-18 8.273475e-02 1.361174e+00
6.165950e-18 8.337221e-02 1.368291e+00
6.309573e-18 8.401458e-02 1.375374e+00
6.456542e-18 8.466189e-02 1.382420e+00
6.606934e-18 8.531420e-02 1.389428e+00
6.760830e-18 8.597153e-02 1.396396e+00
6.918310e-18 8.663392e-02 1.403322e+00
7.079458e-18 8.730142e-02 1.410204e+00
7.244360e-18 8.797406e-02 1.417042e+00
7.413102e-18 8.865188e-02 1.423832e+00
7.585776e-18 8.933493e-02 1.430573e+00
7.762471e-18 9.002324e-02 1.437263e+00
7.943282e-18 9.071685e-02 1.443900e+00
8.128305e-18 9.141581e-02 1.450483e+00
8.317638e-18 9.212015e-02 1.457139e+00
8.511380e-18 9.282992e-02 1.463475e+00
8.709636e-18 9.354516e-02 1.469879e+00
8.912509e-18 9.426590e-02 1.476220e+00
9.120108e-18 9.499221e-02 1.482495e+00
9.332543e-18 9.572410e-02 1.488701e+00
9.549926e-18 9.646164e-02 1.494836e+00
9.772372e-18 9.720486e-02 1.500896e+00
1.000000e-17 9.795380e-02 1.506880e+00
1.023293e-17 9.870852e-02 1.512784e+00
1.047129e-17 9.946905e-02 1.518605e+00
1.071519e-17 1.002354e-01 1.524342e+00
1.096478e-17 1.010077e-01 1.529990e+00
1.122018e-17 1.017860e-01 1.535547e+00
1.148154e-17 1.025702e-01 1.541010e+00
1.174898e-17 1.033605e-01 1.546376e+00
1.202264e-17 1.041569e-01 1.551642e+00
1.230269e-17 1.049594e-01 1.556807e+00
1.258925e-17 1.057681e-01 1.561866e+00
1.288250e-17 1.065830e-01 1.566817e+00
1.318257e-17 1.074042e-01 1.571659e+00
1.348963e-17 1.082317e-01 1.576388e+00
1.380384e-17 1.090656e-01 1.581003e+00
1.412538e-17 1.099060e-01 1.585502e+00
1.445440e-17 1.107528e-01 1.589882e+00
1.479108e-17 1.116061e-01 1.594143e+00
1.513561e-17 1.124660e-01 1.598282e+00
1.548817e-17 1.133325e-01 1.602299e+00
1.584893e-17 1.142058e-01 1.606191e+00
1.621810e-17 1.150857e-01 1.609960e+00
1.659587e-17 1.159724e-01 1.613602e+00
1.698244e-17 1.168659e-01 1.617119e+00
1.737801e-17 1.177664e-01 1.620508e+00
1.778279e-17 1.186737e-01 1.623771e+00
1.819701e-17 1.195881e-01 1.626906e+00
1.862087e-17 1.205095e-01 1.629914e+00
1.905461e-17 1.214380e-01 1.632795e+00
1.949845e-17 1.223737e-01 1.635547e+00
1.995262e-17 1.233165e-01 1.638172e+00
2.041738e-17 1.242667e-01 1.640668e+00
2.089296e-17 1.252241e-01 1.643037e+00
2.137962e-17 1.261889e-01 1.645278e+00
2.187762e-17 1.271612e-01 1.647390e+00
2.238721e-17 1.281410e-01 1.649374e+00
2.290868e-17 1.291283e-01 1.651229e+00
2.344229e-17 1.301232e-01 1.652954e+00
2.398833e-17 1.311257e-01 1.654549e+00
2.454709e-17 1.321360e-01 1.656014e+00
2.511886e-17 1.331541e-01 1.657347e+00
2.570396e-17 1.341801e-01 1.658547e+00
2.630268e-17 1.352139e-01 1.659615e+00
2.691535e-17 1.362557e-01 1.660548e+00
2.754229e-17 1.373055e-01 1.661346e+00
2.818383e-17 1.383634e-01 1.662007e+00
2.884032e-17 1.394295e-01 1.662531e+00
2.951209e-17 1.405038e-01 1.662917e+00
3.019952e-17 1.415863e-01 1.663164e+00
3.090295e-17 1.426772e-01 1.663271e+00
3.162278e-17 1.437765e-01 1.663237e+00
3.235937e-17 1.448843e-01 1.663061e+00
3.311311e-17 1.460006e-01 1.662744e+00
3.388442e-17 1.471255e-01 1.662285e+00
3.467369e-17 1.482591e-01 1.661685e+00
3.548134e-17 1.494014e-01 1.660943e+00
3.630781e-17 1.505525e-01 1.660060e+00
3.715352e-17 1.517125e-01 1.659037e+00
3.801894e-17 1.528814e-01 1.657875e+00
3.890451e-17 1.540593e-01 1.656575e+00
3.981072e-17 1.552463e-01 1.655139e+00
4.073803e-17 1.564425e-01 1.653569e+00
4.168694e-17 1.576478e-01 1.651866e+00
4.265795e-17 1.588625e-01 1.650033e+00
4.365158e-17 1.600865e-01 1.648071e+00
4.466836e-17 1.613199e-01 1.645984e+00
4.570882e-17 1.625629e-01 1.643774e+00
4.677351e-17 1.638154e-01 1.641443e+00
4.786301e-17 1.650775e-01 1.638993e+00
4.897788e-17 1.663494e-01 1.636429e+00
5.011872e-17 1.676311e-01 1.633750e+00
5.128614e-17 1.689227e-01 1.630958e+00
5.248075e-17 1.702242e-01 1.628057e+00
5.370318e-17 1.715357e-01 1.625047e+00
5.495409e-17 1.728574e-01 1.621931e+00
5.623413e-17 1.741892e-01 1.618709e+00
5.754399e-17 1.755313e-01 1.615383e+00
5.888437e-17 1.768838e-01 1.611952e+00
6.025596e-17 1.782466e-01 1.608419e+00
6.165950e-17 1.796200e-01 1.604783e+00
6.309573e-17 1.810039e-01 1.601044e+00
6.456542e-17 1.823985e-01 1.597204e+00
6.606934e-17 1.838039e-01 1.593260e+00
6.760830e-17 1.852200e-01 1.589215e+00
6.918310e-17 1.866471e-01 1.585067e+00
7.079458e-17 1.880852e-01 1.580816e+00
7.244360e-17 1.895344e-01 1.576463e+00
7.413102e-17 1.909947e-01 1.572007e+00
7.585776e-17 1.924663e-01 1.567449e+00
7.762471e-17 1.939492e-01 1.562787e+00
7.943282e-17 1.954435e-01 1.558024e+00
8.128305e-17 1.969494e-01 1.553159e+00
8.317638e-17 1.984668e-01 1.548192e+00
8.511380e-17 1.999960e-01 1.543125e+00
8.709636e-17 2.015369e-01 1.537957e+00
8.912509e-17 2.030897e-01 1.532691e+00
9.120108e-17 2.046545e-01 1.527327e+00
9.332543e-17 2.062313e-01 1.521867e+00
9.549926e-17 2.078203e-01 1.516312e+00
9.772372e-17 2.094215e-01 1.510663e+00
1.000000e-16 2.110351e-01 1.504924e+00
1.023293e-16 2.126611e-01 1.499094e+00
1.047129e-16 2.142996e-01 1.493178e+00
1.071519e-16 2.159507e-01 1.487177e+00
1.096478e-16 2.176146e-01 1.481093e+00
1.122018e-16 2.192913e-01 1.474931e+00
1.148154e-16 2.209808e-01 1.468692e+00
1.174898e-16 2.226835e-01 1.462380e+00
1.202264e-16 2.243992e-01 1.455998e+00
1.230269e-16 2.261282e-01 1.449548e+00
1.258925e-16 2.278704e-01 1.443035e+00
1.288250e-16 2.296261e-01 1.436460e+00
1.318257e-16 2.313954e-01 1.429827e+00
1.348963e-16 2.331782e-01 1.423137e+00
1.380384e-16 2.349748e-01 1.416393e+00
1.412538e-16 2.367852e-01 1.409597e+00
1.445440e-16 2.386096e-01 1.402750e+00
1.479108e-16 2.404481e-01 1.395854e+00
1.513561e-16 2.423007e-01 1.388911e+00
1.548817e-16 2.441676e-01 1.381922e+00
1.584893e-16 2.460488e-01 1.374889e+00
1.621810e-16 2.479446e-01 1.367812e+00
1.659587e-16 2.498550e-01 1.360693e+00
1.698244e-16 2.517800e-01 1.353534e+00
1.737801e-16 2.537200e-01 1.346336e+00
1.778279e-16 2.556748e-01 1.339100e+00
1.819701e-16 2.576448e-01 1.331828e+00
1.862087e-16 2.596299e-01 1.324520e+00
1.905461e-16 2.616303e-01 1.317179e+00
1.949845e-16 2.636461e-01 1.309805e+00
1.995262e-16 2.656774e-01 1.302399e+00
2.041738e-16 2.677244e-01 1.294962e+00
2.089296e-16 2.697872e-01 1.287496e+00
2.137962e-16 2.718658e-01 1.280002e+00
2.187762e-16 2.739605e-01 1.272481e+00
2.238721e-16 2.760713e-01 1.264935e+00
2.290868e-16 2.781984e-01 1.257364e+00
2.344229e-16 2.803419e-01 1.249769e+00
2.398833e-16 2.825019e-01 1.242152e+00
2.454709e-16 2.846785e-01 1.234513e+00
2.511886e-16 2.868719e-01 1.226853e+00
2.570396e-16 2.890822e-01 1.219173e+00
2.630268e-16 2.913095e-01 1.211472e+00
2.691535e-16 2.935540e-01 1.203753e+00
2.754229e-16 2.958158e-01 1.196015e+00
2.818383e-16 2.980950e-01 1.188259e+00
2.884032e-16 3.003917e-01 1.180487e+00
2.951209e-16 3.027062e-01 1.172699e+00
3.019952e-16 3.050385e-01 1.164898e+00
3.090295e-16 3.073888e-01 1.157086e+00
3.162278e-16 3.097571e-01 1.149263e+00
3.235937e-16 3.121437e-01 1.141431e+00
3.311311e-16 3.145488e-01 1.133594e+00
3.388442e-16 3.169723e-01 1.125752e+00
3.467369e-16 3.194145e-01 1.117907e+00
3.548134e-16 3.218755e-01 1.110062e+00
3.630781e-16 3.243555e-01 1.102216e+00
3.715352e-16 3.268546e-01 1.094372e+00
3.801894e-16 3.293730e-01 1.086531e+00
3.890451e-16 3.319107e-01 1.078695e+00
3.981072e-16 3.344681e-01 1.070864e+00
4.073803e-16 3.370451e-01 1.063040e+00
4.168694e-16 3.396419e-01 1.055226e+00
4.265795e-16 3.422588e-01 1.047422e+00
4.365158e-16 3.448959e-01 1.039631e+00
4.466836e-16 3.475532e-01 1.031855e+00
4.570882e-16 3.502310e-01 1.024096e+00
4.677351e-16 3.529295e-01 1.016355e+00
4.786301e-16 3.556488e-01 1.008635e+00
4.897788e-16 3.583890e-01 1.000935e+00
5.011872e-16 3.611503e-01 9.932578e-01
5.128614e-16 3.639329e-01 9.856022e-01
5.248075e-16 3.667369e-01 9.779687e-01
5.370318e-16 3.695626e-01 9.703569e-01
5.495409e-16 3.724100e-01 9.627664e-01
5.623413e-16 3.752793e-01 9.551967e-01
5.754399e-16 3.781708e-01 9.476473e-01
5.888437e-16 3.810845e-01 9.401179e-01
6.025596e-16 3.840207e-01 9.326080e-01
6.165950e-16 3.869795e-01 9.251177e-01
6.309573e-16 3.899611e-01 9.176468e-01
6.456542e-16 3.929657e-01 9.101956e-01
6.606934e-16 3.959934e-01 9.027642e-01
6.760830e-16 3.990445e-01 8.953529e-01
6.918310e-16 4.021190e-01 8.879624e-01
7.079458e-16 4.052173e-01 8.805930e-01
7.244360e-16 4.083394e-01 8.732454e-01
7.413102e-16 4.114856e-01 8.659204e-01
7.585776e-16 4.146560e-01 8.586186e-01
7.762471e-16 4.178509e-01 8.513411e-01
7.943282e-16 4.210703e-01 8.440890e-01
8.128305e-16 4.243146e-01 8.368638e-01
8.317638e-16 4.275839e-01 8.296673e-01
8.511380e-16 4.308783e-01 8.225023e-01
8.709636e-16 4.341982e-01 8.153719e-01
8.912509e-16 4.375436e-01 8.082803e-01
9.120108e-16 4.409148e-01 8.012316e-01
9.332543e-16 4.443119e-01 7.942305e-01
9.549926e-16 4.477353e-01 7.872808e-01
9.772372e-16 4.511850e-01 7.803854e-01
1.000000e-15 4.546613e-01 7.735460e-01
1.023293e-15 4.581644e-01 7.667623e-01
1.047129e-15 4.616944e-01 7.600329e-01
1.071519e-15 4.652517e-01 7.533550e-01
1.096478e-15 4.688364e-01 7.467252e-01
1.122018e-15 4.724487e-01 7.401404e-01
1.148154e-15 4.760888e-01 7.335981e-01
1.174898e-15 4.797570e-01 7.270971e-01
1.202264e-15 4.834534e-01 7.206371e-01
1.230269e-15 4.871783e-01 7.142187e-01
1.258925e-15 4.909320e-01 7.078429e-01
1.288250e-15 4.947145e-01 7.015103e-01
1.318257e-15 4.985262e-01 6.952209e-01
1.348963e-15 5.023672e-01 6.889740e-01
1.380384e-15 5.062379e-01 6.827678e-01
1.412538e-15 5.101383e-01 6.766002e-01
1.445440e-15 5.140689e-01 6.704691e-01
1.479108e-15 5.180297e-01 6.643732e-01
1.513561e-15 5.220210e-01 6.583123e-01
1.548817e-15 5.260431e-01 6.522875e-01
1.584893e-15 5.300961e-01 6.463016e-01
1.621810e-15 5.341804e-01 6.403586e-01
1.659587e-15 5.382962e-01 6.344630e-01
1.698244e-15 5.424437e-01 6.286196e-01
1.737801e-15 5.466231e-01 6.228326e-01
1.778279e-15 5.508347e-01 6.171047e-01
1.819701e-15 5.550788e-01 6.114372e-01
1.862087e-15 5.593556e-01 6.058293e-01
1.905461e-15 5.636653e-01 6.002782e-01
1.949845e-15 5.680082e-01 5.947797e-01
1.995262e-15 5.723846e-01 5.893281e-01
2.041738e-15 5.767948e-01 5.839174e-01
2.089296e-15 5.812389e-01 5.785421e-01
2.137962e-15 5.857172e-01 5.731983e-01
2.187762e-15 5.902300e-01 5.678840e-01
2.238721e-15 5.947776e-01 5.626001e-01
2.290868e-15 5.993603e-01 5.573672e-01
2.344229e-15 6.039783e-01 5.521354e-01
2.398833e-15 6.086318e-01 5.469632e-01
2.454709e-15 6.133212e-01 5.418361e-01
2.511886e-15 6.180467e-01 5.367557e-01
2.570396e-15 6.228087e-01 5.317221e-01
2.630268e-15 6.276073e-01 5.267340e-01
2.691535e-15 6.324429e-01 5.217899e-01
2.754229e-15 6.373157e-01 5.168897e-01
2.818383e-15 6.422261e-01 5.120350e-01
2.884032e-15 6.471744e-01 5.072291e-01
2.951209e-15 6.521607e-01 5.024761e-01
3.019952e-15 6.571855e-01 4.977793e-01
3.090295e-15 6.622490e-01 4.931398e-01
3.162278e-15 6.673515e-01 4.885554e-01
3.235937e-15 6.724933e-01 4.840213e-01
3.311311e-15 6.776748e-01 4.795310e-01
3.388442e-15 6.828961e-01 4.750782e-01
3.467369e-15 6.881577e-01 4.706585e-01
3.548134e-15 6.934598e-01 4.662703e-01
3.630781e-15 6.988028e-01 4.619141e-01
3.715352e-15 7.041869e-01 4.575911e-01
3.801894e-15 7.096126e-01 4.533022e-01
3.890451e-15 7.150800e-01 4.490463e-01
3.981072e-15 7.205896e-01 4.448216e-01
4.073803e-15 7.261416e-01 4.406262e-01
4.168694e-15 7.317364e-01 4.364600e-01
4.265795e-15 7.373743e-01 4.323257e-01
4.365158e-15 7.430556e-01 4.282287e-01
4.466836e-15 7.487807e-01 4.241760e-01
4.570882e-15 7.545499e-01 4.201741e-01
4.677351e-15 7.603636e-01 4.162268e-01
4.786301e-15 7.662220e-01 4.123333e-01
4.897788e-15 7.721256e-01 4.084880e-01
5.011872e-15 7.780747e-01 4.046819e-01
5.128614e-15 7.840696e-01 4.009052e-01
5.248075e-15 7.901108e-01 3.971501e-01
5.370318e-15 7.961984e-01 3.934126e-01
5.495409e-15 8.023330e-01 3.896927e-01
5.623413e-15 8.085148e-01 3.859938e-01
5.754399e-15 8.147443e-01 3.823213e-01
5.888437e-15 8.210217e-01 3.786812e-01
6.025596e-15 8.273475e-01 3.750799e-01
6.165950e-15 8.337221e-01 3.715227e-01
6.309573e-15 8.401458e-01 3.680131e-01
6.456542e-15 8.466189e-01 3.645518e-01
6.606934e-15 8.531420e-01 3.611372e-01
6.760830e-15 8.597153e-01 3.577661e-01
6.918310e-15 8.663392e-01 3.544349e-01
7.079458e-15 8.730142e-01 3.511396e-01
7.244360e-15 8.797406e-01 3.478760e-01
7.413102e-15 8.865188e-01 3.446399e-01
7.585776e-15 8.933493e-01 3.414269e-01
7.762471e-15 9.002324e-01 3.382331e-01
7.943282e-15 9.071685e-01 3.350551e-01
8.128305e-15 9.141581e-01 3.318912e-01
8.317638e-15 9.212015e-01 3.287420e-01
8.511380e-15 9.282992e-01 3.256114e-01
8.709636e-15 9.354516e-01 3.225079e-01
8.912509e-15 9.426590e-01 3.194432e-01
9.120108e-15 9.499221e-01 3.164283e-01
9.332543e-15 9.572410e-01 3.134702e-01
9.549926e-15 9.646164e-01 3.105676e-01
9.772372e-15 9.720486e-01 3.077105e-01
1.000000e-14 9.795380e-01 3.048836e-01
1.023293e-14 9.870852e-01 3.020706e-01
1.047129e-14 9.946905e-01 2.992602e-01
1.071519e-14 1.002354e+00 2.964499e-01
1.096478e-14 1.010077e+00 2.936462e-01
1.122018e-14 1.017860e+00 2.908618e-01
1.148154e-14 1.025702e+00 2.881096e-01
1.174898e-14 1.033605e+00 2.853979e-01
1.202264e-14 1.041569e+00 2.827280e-01
1.230269e-14 1.049594e+00 2.800953e-01
1.258925e-14 1.057681e+00 2.774938e-01
1.288250e-14 1.065830e+00 2.749195e-01
1.318257e-14 1.074042e+00 2.723706e-01
1.348963e-14 1.082317e+00 2.698469e-01
1.380384e-14 1.090656e+00 2.673474e-01
1.412538e-14 1.099060e+00 2.648699e-01
1.445440e-14 1.107528e+00 2.624123e-01
1.479108e-14 1.116061e+00 2.599726e-01
1.513561e-14 1.124660e+00 2.575500e-01
1.548817e-14 1.133325e+00 2.551450e-01
1.584893e-14 1.142058e+00 2.527605e-01
1.621810e-14 1.150857e+00 2.504015e-01
1.659587e-14 1.159724e+00 2.480733e-01
1.698244e-14 1.168659e+00 2.457794e-01
1.737801e-14 1.177664e+00 2.435187e-01
1.778279e-14 1.186737e+00 2.412855e-01
1.819701e-14 1.195881e+00 2.390714e-01
1.862087e-14 1.205095e+00 2.368684e-01
1.905461e-14 1.214380e+00 2.346730e-01
    Mass        Radius     Beta ratio